P2
128 128
255
26 47 49 43 44 44 46 41 43 42 43 43 42 42 41 39 44 39 42 45 46 42 39 39 36 39 37 37 35 41 37 35 33 34 33 37 36 33 35 33 37 60 88 104 109 111 108 98 51 24 22 14 16 17 17 16 22 56 83 83 79 88 102 108 109 112 112 113 113 113 115 116 113 113 115 115 115 113 115 115 115 113 113 112 111 112 110 108 109 108 109 107 99 85 90 99 105 107 109 107 109 109 109 110 109 110 109 111 108 109 108 107 106 104 102 102 98 95 96 96 92 84 81 77 64 66 61 56
48 97 94 87 88 88 95 82 88 83 85 93 85 85 87 81 85 84 81 88 85 83 83 79 83 79 87 80 87 79 78 75 78 70 70 72 74 75 71 71 66 97 151 198 223 227 227 221 183 96 47 33 35 31 30 33 48 118 166 166 162 173 195 214 222 225 227 226 230 230 230 230 231 231 231 234 230 231 232 231 232 230 230 227 225 226 222 222 215 214 214 206 183 166 180 196 207 214 218 219 220 218 209 186 156 156 157 161 185 189 190 199 201 200 196 195 190 182 180 173 161 153 144 132 129 121 104 103
47 102 95 91 88 86 94 82 94 95 77 81 82 84 84 80 81 82 86 84 84 83 75 92 81 96 80 84 87 83 84 83 78 84 82 80 75 74 68 66 70 66 108 166 205 220 230 230 223 198 128 61 44 37 33 31 59 126 162 164 153 164 186 211 221 224 224 225 227 230 232 234 233 234 230 231 230 231 232 228 231 228 228 230 227 224 222 219 211 202 196 181 169 182 194 196 210 219 220 210 175 103 57 42 43 51 52 48 52 54 49 60 75 82 106 117 118 125 116 125 128 122 122 110 104 103 93 100
45 88 88 88 86 94 95 92 84 92 86 86 87 82 82 81 84 80 84 78 81 90 85 82 81 87 88 82 90 86 85 74 78 86 79 79 77 82 69 67 67 67 78 108 157 195 221 230 233 225 210 162 116 74 52 44 90 146 164 172 160 159 185 211 220 224 226 227 228 227 233 232 235 237 235 233 232 232 232 230 232 230 232 227 225 223 218 212 198 184 176 176 190 202 204 209 226 234 197 104 59 46 48 47 46 54 57 51 53 53 52 52 55 52 47 53 53 56 52 55 55 71 85 87 92 83 91 147
37 93 91 91 84 88 95 94 91 83 81 85 83 85 83 82 77 78 84 84 85 84 81 85 81 91 83 81 86 80 79 85 82 75 84 86 74 81 74 72 72 73 79 74 103 145 195 221 231 234 230 224 210 188 155 135 141 162 168 166 149 149 186 213 220 225 226 227 230 233 233 234 237 236 236 236 235 234 235 234 232 230 231 230 227 219 209 201 181 168 179 198 213 214 217 227 239 198 86 58 43 45 46 49 51 54 56 49 55 54 55 54 52 48 52 54 58 58 52 53 48 52 55 60 66 74 119 192
42 95 88 87 85 88 86 84 87 86 84 84 88 87 81 90 80 80 85 88 88 88 82 83 83 94 80 85 88 85 80 85 84 83 84 81 78 82 73 74 78 73 78 72 75 91 137 184 221 230 232 232 228 226 218 213 201 184 170 161 150 155 183 206 215 223 227 228 232 231 235 236 237 237 239 243 240 240 238 237 237 234 233 228 224 218 198 174 169 181 197 210 219 218 226 234 202 91 52 49 47 44 46 55 49 46 51 48 54 52 55 56 61 57 55 57 54 60 58 54 52 57 55 53 58 56 69 139
39 92 84 78 79 90 84 86 85 79 84 85 77 84 87 88 88 73 84 82 79 83 78 78 82 83 80 91 84 81 93 86 90 77 78 80 84 85 83 83 84 83 84 77 78 79 77 121 181 213 228 231 234 236 231 230 226 205 182 158 158 162 184 207 214 220 226 228 228 231 235 235 238 239 243 244 245 246 245 241 238 237 232 224 218 201 183 173 184 198 213 219 220 228 231 181 93 66 48 47 44 47 48 52 52 46 53 57 54 48 56 54 57 52 58 54 56 58 48 58 56 54 60 59 64 62 55 57
44 90 81 78 86 90 93 88 93 95 104 107 107 119 113 121 118 112 102 85 78 72 68 73 74 83 82 84 80 83 86 82 90 75 82 85 88 87 82 88 87 83 79 87 84 75 82 74 100 150 194 215 228 231 233 235 228 211 179 158 156 169 185 206 219 225 226 227 227 232 235 237 237 239 241 245 245 246 246 241 239 238 230 215 198 176 173 188 206 217 218 224 230 221 135 91 77 61 52 53 51 44 48 48 48 51 54 47 52 49 58 57 54 55 56 53 54 60 54 58 55 60 64 60 58 61 59 57
43 93 105 109 108 117 119 128 130 130 143 153 167 182 184 185 183 181 169 136 104 83 69 71 67 81 73 83 77 73 77 75 74 75 82 83 81 80 80 84 82 83 83 77 80 84 79 84 71 75 110 161 197 219 226 231 228 207 171 145 137 162 187 211 219 225 227 231 228 232 232 231 224 210 205 183 158 145 151 182 207 226 214 199 182 176 194 208 218 224 221 218 151 70 51 67 66 62 55 52 52 51 52 51 54 53 48 53 56 55 53 59 58 56 58 56 56 54 53 55 59 60 58 58 54 58 64 58
67 146 159 156 162 161 170 176 177 176 185 192 197 201 207 207 208 207 201 195 173 119 82 67 68 68 71 73 72 67 64 69 71 70 72 78 79 77 79 75 69 77 77 73 80 71 72 75 74 69 58 74 108 154 183 202 198 175 150 139 129 156 192 213 221 226 230 232 227 211 159 99 67 40 39 39 35 36 40 35 34 75 99 142 180 200 215 225 225 224 199 84 36 30 40 45 45 59 48 49 46 46 52 54 54 53 51 53 56 51 55 56 53 57 59 56 58 55 57 57 60 59 57 62 57 58 55 64
91 189 193 192 188 189 195 192 189 193 199 204 206 208 212 212 211 210 209 212 206 181 133 79 64 65 60 65 65 59 66 57 57 54 61 65 70 68 66 62 67 68 60 64 59 57 66 60 58 57 56 55 66 71 74 102 108 109 120 137 132 151 187 210 221 224 224 197 106 40 37 27 32 34 41 37 37 41 43 40 40 41 39 40 68 126 189 215 200 136 74 51 48 46 48 47 46 48 43 49 47 47 49 53 53 52 48 49 56 56 53 49 49 53 58 56 56 59 53 60 62 62 55 57 55 62 62 55
98 199 197 197 200 198 201 199 199 197 201 205 208 206 212 212 214 214 211 214 214 208 188 125 68 48 56 54 49 52 52 55 43 53 53 54 61 60 49 57 52 58 52 59 53 53 58 49 48 52 54 60 54 56 48 46 46 55 86 104 120 151 179 201 215 214 167 68 43 37 35 33 34 37 39 40 39 41 41 42 42 41 41 37 43 41 36 45 46 46 46 44 48 46 48 46 47 52 45 45 49 48 49 54 49 54 53 55 52 49 54 53 52 55 61 55 55 60 59 56 57 55 62 59 64 59 62 61
98 197 196 201 201 202 204 201 204 206 207 205 206 209 213 211 214 214 213 215 215 214 209 175 99 48 46 46 44 49 53 44 55 69 68 56 55 45 45 48 44 46 41 43 43 44 46 45 48 36 43 43 42 48 46 55 64 77 71 72 81 122 171 194 198 154 68 42 31 36 32 35 33 36 39 40 40 40 43 39 40 37 36 42 44 47 47 40 45 44 43 41 40 43 46 46 48 47 47 47 49 47 53 56 56 53 49 53 51 52 54 55 56 56 57 57 57 59 53 54 61 55 60 59 64 65 61 59
100 200 202 206 206 206 208 208 207 211 211 211 210 210 211 212 213 212 215 214 215 213 212 198 145 61 37 39 34 44 40 64 99 124 117 81 61 45 51 58 54 59 48 43 37 34 28 28 36 28 33 36 40 44 36 52 79 82 77 62 72 123 170 180 150 67 41 40 36 37 35 33 40 42 42 42 44 46 45 47 42 43 41 41 43 45 47 42 39 42 44 40 44 41 52 52 51 51 47 54 52 53 49 51 51 48 54 55 53 54 58 51 57 57 56 59 56 57 58 61 53 60 60 62 60 57 57 61
98 205 206 209 210 213 212 212 214 217 214 214 211 213 213 212 214 215 213 213 220 215 212 210 176 83 44 44 41 43 45 93 149 177 171 134 95 81 93 116 117 106 97 80 65 44 32 29 32 29 31 35 33 36 36 54 82 111 77 56 77 135 170 156 87 44 37 34 34 36 34 41 43 44 37 42 41 43 44 48 42 41 44 40 46 44 41 42 44 45 47 42 52 52 49 51 47 47 58 56 51 51 46 53 51 48 51 54 57 54 53 55 60 57 57 58 59 55 55 57 56 55 57 58 59 60 60 62
100 206 209 214 214 215 219 220 218 219 218 217 217 218 218 218 222 223 222 221 220 219 220 214 188 102 46 39 33 31 44 110 170 185 184 166 160 158 156 163 170 170 171 163 132 94 60 39 34 30 29 40 35 36 33 51 91 108 78 60 81 144 151 104 46 36 29 31 33 41 42 41 41 44 42 42 37 42 43 45 46 45 44 43 36 41 46 40 45 60 44 44 44 43 44 52 45 47 48 60 52 54 52 53 55 58 56 51 54 55 56 53 58 53 55 55 61 58 56 56 55 53 56 60 55 55 61 59
100 208 211 215 215 219 218 218 222 219 220 225 228 228 224 233 236 235 230 227 225 220 219 215 197 98 40 34 32 34 60 111 160 175 176 176 174 176 183 192 189 190 192 189 182 169 145 104 69 34 35 33 33 33 35 54 91 95 66 52 99 149 122 52 42 33 31 35 33 36 34 44 34 40 41 37 39 42 40 43 42 43 42 43 36 41 43 41 37 43 45 47 46 45 45 47 47 46 51 54 51 45 45 53 48 56 54 52 53 52 52 55 57 54 56 54 55 55 54 57 58 54 54 58 57 54 60 56
103 208 215 218 218 219 221 221 222 224 226 233 236 234 235 240 244 240 231 223 220 213 213 206 180 96 36 34 36 42 72 136 167 176 175 171 179 187 189 195 197 199 202 199 199 197 192 179 149 84 46 31 35 35 28 41 57 75 53 75 136 125 72 36 41 33 33 34 40 37 36 40 37 37 44 42 43 42 44 42 41 41 36 40 36 39 39 37 43 42 36 42 42 43 43 47 46 47 48 48 48 47 51 51 48 46 51 46 52 51 51 53 56 56 56 54 55 57 57 55 58 56 57 60 58 59 57 54
105 214 213 219 220 223 224 222 224 227 227 230 235 234 231 238 239 234 225 220 217 212 209 198 148 77 35 34 42 67 121 162 169 173 174 179 188 195 195 199 198 202 204 201 202 204 207 198 190 161 96 37 24 18 15 13 16 26 51 132 151 121 51 31 32 36 35 32 33 33 33 42 35 39 42 41 41 46 43 40 41 39 39 41 41 36 35 39 48 44 43 39 41 43 42 44 43 47 47 48 46 49 42 49 49 53 48 47 47 51 49 47 52 51 52 53 49 52 55 59 56 58 56 57 58 57 61 55
107 215 217 220 219 223 223 224 223 224 225 225 222 221 219 222 223 223 217 212 212 210 202 170 103 52 31 30 55 113 159 168 175 174 177 184 193 196 199 201 200 205 206 207 206 207 210 209 206 198 171 95 21 1 0 0 0 2 77 164 125 104 44 33 34 41 33 34 33 33 32 37 40 42 40 42 40 39 37 39 39 37 44 42 44 42 39 41 41 43 42 43 41 44 37 45 47 44 48 49 52 47 51 47 52 49 51 51 54 51 51 54 48 51 51 54 49 51 56 48 57 58 60 54 59 56 65 59
107 218 220 221 220 221 221 224 222 220 222 220 219 217 219 219 222 225 225 218 211 202 199 147 71 35 24 42 92 147 172 171 174 177 185 190 194 197 202 202 204 209 208 207 210 210 209 211 210 208 198 168 51 0 0 0 0 20 128 166 115 78 36 32 36 36 39 32 36 31 33 36 41 44 37 40 37 40 40 40 35 39 34 43 42 40 41 42 42 41 43 37 41 39 42 40 47 46 44 46 52 51 46 48 49 49 49 53 57 52 54 54 46 47 48 46 54 52 46 52 56 60 56 58 57 56 57 60
109 219 221 222 221 222 219 220 221 219 218 217 223 223 223 227 235 240 237 230 217 208 193 128 56 7 19 74 135 160 170 174 188 189 197 198 200 200 201 205 207 206 207 208 207 206 207 210 210 207 205 186 90 1 0 0 0 51 157 144 104 69 36 34 36 30 40 36 35 33 31 34 43 39 39 37 36 36 36 39 34 35 42 42 42 39 39 40 41 39 35 37 37 45 44 43 41 42 42 43 45 47 51 49 45 48 47 49 48 52 49 49 47 45 45 51 47 49 52 54 57 53 53 57 57 56 58 55
109 219 218 219 220 218 217 218 213 213 215 214 224 232 234 233 236 244 238 233 215 206 181 115 42 3 48 128 166 172 177 181 181 189 195 198 201 201 207 206 208 209 207 206 207 208 208 209 211 209 202 184 99 11 0 2 15 103 167 123 105 71 37 42 35 31 42 30 28 40 36 34 41 37 41 37 40 41 43 42 45 41 40 37 36 41 39 42 39 40 41 41 85 68 42 37 44 44 47 44 47 48 52 46 47 51 47 54 48 51 49 49 53 45 46 47 47 46 48 51 56 54 54 67 56 55 59 58
108 214 215 217 218 220 217 217 213 220 218 215 226 236 243 239 239 238 236 228 218 202 144 79 27 23 78 151 174 179 179 185 190 195 199 205 207 206 207 206 207 209 207 208 207 206 207 208 209 202 192 168 105 28 11 22 66 146 183 113 95 51 35 33 33 32 35 32 29 40 34 41 40 39 35 40 43 37 40 44 41 41 42 37 42 37 37 39 44 39 66 103 153 132 83 47 45 48 47 45 48 48 46 49 52 51 53 49 51 48 51 56 48 52 65 48 40 47 45 48 45 49 53 56 53 53 54 55
105 214 217 217 217 214 219 218 218 218 218 217 218 227 237 237 233 231 230 225 209 176 106 48 29 57 122 156 173 180 184 192 198 199 200 201 206 204 208 204 202 205 208 211 215 213 205 199 204 196 179 147 68 30 17 36 109 170 179 106 84 56 35 30 34 37 34 34 33 35 36 40 37 34 34 36 39 37 41 39 39 37 35 40 37 40 42 39 40 44 134 156 177 145 128 125 59 49 49 52 46 48 47 53 51 49 52 51 51 53 57 56 54 51 57 48 43 47 47 43 41 46 49 51 51 53 53 55
109 219 219 218 219 219 217 217 214 218 217 217 218 218 220 222 218 213 210 210 189 128 72 35 48 100 149 166 175 180 184 193 199 201 200 205 205 205 204 204 204 205 217 230 233 225 209 199 192 177 158 99 27 6 27 80 156 188 171 100 88 51 35 37 32 39 37 33 33 34 37 37 35 35 51 41 39 42 39 42 37 41 40 43 40 46 40 46 53 111 154 174 167 208 221 188 97 52 49 47 51 49 46 48 51 53 53 51 55 57 58 56 62 55 52 59 49 46 44 44 44 47 48 55 49 52 52 52
107 217 217 217 217 217 218 213 210 214 214 213 213 214 215 214 211 209 205 186 131 81 42 42 82 147 163 164 173 180 187 196 200 206 207 205 206 206 204 200 204 217 237 246 248 240 217 195 183 168 122 46 3 0 43 126 169 177 148 93 68 43 36 35 33 39 34 31 33 31 34 35 34 35 36 35 44 39 35 41 33 39 37 42 44 44 47 44 66 161 175 180 205 230 211 198 80 45 47 47 51 44 49 45 46 49 49 52 55 55 60 71 60 62 60 54 52 46 45 47 52 51 48 51 51 52 57 49
104 208 213 213 212 212 211 208 209 210 206 212 212 210 212 212 210 201 183 139 82 44 22 46 102 154 163 171 175 181 189 194 201 206 206 206 206 202 204 198 213 236 248 252 252 244 214 185 161 130 62 11 0 10 95 160 170 171 136 81 61 44 36 33 39 37 35 35 36 32 29 32 33 37 34 37 35 35 37 39 39 36 39 44 45 47 45 44 139 168 195 192 235 220 204 149 56 49 47 49 44 45 45 44 43 43 51 54 59 56 61 55 52 52 55 51 51 48 46 46 44 46 48 54 55 56 54 51
93 198 196 192 190 197 201 202 202 208 205 205 207 209 206 201 202 182 126 98 47 27 28 72 137 161 167 173 177 186 193 204 206 202 204 205 201 199 198 205 231 247 252 255 250 236 190 166 145 78 16 0 0 44 144 168 169 170 130 83 58 41 36 34 34 33 40 34 36 34 33 32 34 35 37 39 36 36 37 34 34 41 51 46 48 47 44 83 163 190 195 221 236 210 196 87 52 47 47 46 44 42 42 47 44 48 56 59 61 56 59 52 54 52 52 47 46 53 51 47 49 46 52 51 55 52 55 54
81 151 148 143 148 164 177 186 195 202 204 205 202 204 206 204 190 157 94 60 29 21 45 106 154 163 169 180 184 193 198 204 207 206 204 204 198 194 200 221 243 251 255 252 239 200 159 132 86 24 1 0 13 110 161 173 177 176 126 70 55 39 40 32 36 33 35 36 30 36 33 32 42 36 39 45 39 33 34 33 32 46 46 43 51 51 48 139 174 194 204 236 217 214 167 51 44 45 46 44 46 48 46 43 44 40 48 52 60 58 57 53 52 52 48 53 47 48 48 45 49 51 45 51 53 51 54 53
77 139 143 142 147 150 159 158 174 197 202 208 205 204 199 184 146 105 61 30 19 21 74 148 164 166 173 184 186 193 200 201 204 200 199 201 198 204 218 236 250 252 251 235 202 148 120 86 29 0 0 1 62 153 172 168 163 144 83 58 46 41 37 33 35 35 34 36 32 33 33 36 39 37 37 40 36 40 39 33 34 46 42 46 51 52 111 156 190 187 231 232 217 201 83 44 43 44 45 40 44 44 47 47 44 39 42 42 46 52 55 52 51 47 52 51 44 45 46 51 47 46 47 48 55 53 52 59
75 149 155 160 163 164 173 176 164 167 182 195 201 201 188 149 102 59 31 16 10 47 125 159 166 169 176 184 192 198 202 202 204 200 196 205 211 225 237 246 252 248 233 185 135 113 75 24 3 0 0 31 131 161 135 100 40 24 49 51 47 37 33 37 34 33 35 34 39 34 30 36 35 37 33 34 37 39 37 35 40 40 61 57 59 88 149 167 194 212 234 223 201 137 48 43 46 42 44 47 48 51 46 44 42 45 48 52 43 44 52 55 53 52 42 48 44 47 46 48 49 45 54 47 49 57 51 56
77 163 170 177 182 177 183 184 184 180 174 174 185 189 183 129 70 27 14 7 21 82 147 162 168 171 179 185 196 202 206 202 202 196 198 211 233 244 250 251 249 226 181 139 96 67 17 2 0 0 4 84 141 100 61 41 21 43 48 49 54 34 34 35 34 34 39 33 36 33 29 34 37 33 33 35 29 26 32 33 48 51 61 66 77 156 155 185 193 230 236 210 196 60 42 40 42 41 39 44 47 53 49 47 46 45 51 47 48 49 49 49 48 46 44 48 44 47 45 47 48 46 53 48 52 51 48 55
79 169 179 181 186 186 192 189 192 194 196 193 192 194 189 166 92 21 5 5 54 132 158 162 171 180 185 189 200 206 201 198 199 194 200 213 237 249 250 245 223 172 115 93 60 13 0 0 0 0 37 111 80 41 32 22 23 64 40 42 44 37 41 39 34 34 35 35 34 31 35 35 31 36 34 32 31 37 33 33 47 56 52 61 134 154 175 197 201 228 220 207 143 46 43 44 46 44 43 46 52 47 48 47 47 51 48 48 51 40 45 52 45 45 49 48 47 49 47 48 46 46 48 47 51 54 52 51
84 172 179 189 190 192 196 194 195 197 199 200 206 201 198 194 148 53 3 24 105 155 161 163 173 181 188 196 199 202 199 195 196 193 198 205 222 236 234 204 158 118 66 42 13 1 0 0 0 37 109 67 40 27 27 24 43 72 41 42 45 40 42 34 35 35 35 36 36 36 33 34 32 36 34 34 39 35 36 36 45 57 67 106 148 159 194 208 215 224 219 198 67 41 43 44 44 44 48 46 44 45 46 48 46 49 51 48 45 45 46 47 44 49 52 44 44 47 46 46 49 47 45 48 44 55 48 53
87 176 183 189 193 196 197 197 197 198 202 204 207 207 208 208 196 139 32 39 121 159 163 169 176 194 189 197 197 196 190 194 195 198 197 197 192 192 182 153 106 72 33 6 0 0 0 0 23 109 57 39 28 23 24 31 57 67 47 46 42 39 39 37 34 37 33 37 35 35 34 37 36 33 35 28 33 35 34 35 41 58 80 128 105 129 188 215 220 222 206 144 48 48 41 45 42 47 47 46 54 55 42 46 45 53 44 49 48 53 49 43 46 45 46 44 43 46 44 52 46 49 44 52 51 49 55 54
92 183 187 190 197 201 199 199 201 206 209 204 206 210 215 210 206 183 100 80 135 158 166 173 182 189 197 195 189 192 187 186 193 201 205 195 176 157 144 104 56 18 3 1 0 0 0 5 100 55 36 31 27 27 28 44 68 62 44 46 40 39 36 34 40 33 36 33 37 35 34 35 35 30 32 31 37 37 34 34 34 48 139 132 143 174 202 208 194 208 200 71 46 42 42 42 49 45 46 52 53 49 46 52 46 51 52 47 56 56 51 49 46 48 48 46 43 48 46 52 51 51 52 46 49 47 53 53
93 186 195 193 196 206 198 196 202 205 207 208 211 210 212 212 208 199 164 119 149 170 169 180 182 194 193 195 190 188 187 199 208 213 208 194 167 131 86 53 20 2 0 0 0 0 0 70 67 34 32 33 28 27 35 60 78 68 56 44 43 40 41 36 37 32 34 37 36 37 36 35 34 30 31 35 32 29 28 34 35 92 145 134 157 196 218 228 230 215 159 47 42 44 39 47 45 46 43 46 49 49 47 51 46 53 54 66 80 55 48 49 46 48 48 46 46 49 53 52 52 54 52 51 48 48 47 54
93 188 195 195 197 202 198 200 204 202 206 209 210 211 212 210 208 207 183 143 153 164 169 177 188 192 188 187 182 198 218 223 219 217 208 181 137 97 52 10 1 0 0 0 0 0 33 81 47 29 30 31 28 24 51 74 84 71 55 48 39 42 39 34 37 33 34 35 36 35 34 30 32 34 30 32 29 32 31 37 53 149 125 144 181 204 224 224 211 179 72 46 41 43 41 36 45 46 46 44 49 47 52 48 48 59 81 111 68 49 52 46 46 48 49 51 51 51 48 55 48 51 51 49 51 49 49 53
94 188 187 192 194 199 199 200 204 204 205 208 211 209 209 211 209 209 192 153 143 159 172 180 184 182 182 187 207 232 245 236 208 192 179 139 80 44 11 4 1 0 0 0 0 23 99 67 46 37 34 31 33 42 65 71 82 75 40 41 39 39 40 36 37 32 35 31 34 32 32 31 32 33 37 32 31 35 32 39 112 146 125 164 197 204 209 211 200 104 46 42 42 41 44 43 42 43 43 45 49 47 48 51 47 54 51 49 45 48 49 51 48 46 45 51 47 46 47 51 52 51 52 48 51 54 54 51
93 184 188 186 192 201 200 201 204 204 206 210 212 213 213 212 210 209 200 161 134 158 173 179 182 183 198 225 243 249 248 230 177 151 129 69 27 10 1 0 0 0 0 0 8 109 85 61 47 40 34 32 37 46 67 66 75 62 44 37 37 36 41 32 31 31 39 30 35 34 39 31 31 32 29 34 32 41 40 80 126 129 130 158 210 209 218 217 161 55 48 41 39 40 41 45 43 46 47 43 49 48 47 48 49 48 53 51 53 53 49 55 54 47 44 53 51 46 48 53 51 53 53 53 53 55 54 56
87 174 181 184 193 196 201 204 200 205 209 210 212 217 217 213 210 210 205 167 137 160 172 179 184 204 235 247 250 245 225 172 132 111 57 21 15 2 0 0 0 0 0 0 66 111 84 60 49 37 34 37 46 53 67 51 58 46 41 39 39 37 39 35 37 39 36 32 35 33 41 29 33 34 27 29 32 31 36 121 148 126 139 177 197 217 218 206 97 53 41 44 45 36 45 39 40 43 45 43 45 44 51 53 51 51 54 53 48 54 54 56 55 43 47 49 49 54 48 45 57 56 55 52 48 55 57 58
85 179 182 182 190 195 202 197 197 200 201 206 211 213 212 208 209 206 202 174 147 170 179 184 211 239 249 251 244 211 163 121 93 62 21 6 0 0 0 0 0 0 0 9 131 107 75 58 47 42 39 35 39 53 56 49 35 45 39 34 46 40 37 39 44 36 42 35 37 35 36 35 35 33 32 32 35 35 90 159 142 166 186 199 213 210 212 134 58 47 42 41 42 36 43 42 40 43 43 41 46 46 52 48 46 49 53 54 53 52 55 48 49 52 45 53 46 52 49 53 52 52 55 56 56 55 60 58
85 168 175 181 190 194 199 200 199 200 204 207 208 212 214 210 206 205 204 182 155 173 185 199 235 248 250 238 206 156 130 85 48 21 7 0 0 0 0 0 0 0 3 42 132 106 74 56 51 51 37 40 39 41 45 40 36 40 43 39 37 41 31 35 33 34 39 39 37 35 33 31 35 36 31 32 35 36 144 157 164 171 192 204 227 212 207 86 56 49 45 46 44 44 41 37 42 41 41 45 48 45 44 46 51 52 53 56 52 56 54 56 52 53 48 48 48 51 57 48 53 51 49 55 57 59 56 55
82 172 177 183 192 196 196 199 200 201 204 206 207 211 210 207 201 200 202 184 156 175 187 207 230 236 225 192 166 125 84 52 14 0 1 0 0 0 0 0 0 0 3 75 111 92 75 56 45 39 35 34 34 34 37 34 35 33 36 36 32 37 34 32 40 34 34 34 36 33 33 29 34 31 26 30 31 71 162 157 173 179 196 214 222 212 171 67 58 46 47 46 44 45 45 39 46 43 45 45 48 43 49 48 52 55 51 54 56 57 48 53 49 49 49 45 44 48 51 47 53 52 48 54 60 56 52 59
86 176 175 182 187 193 196 198 200 199 204 209 209 210 208 206 201 198 198 174 148 171 189 204 210 202 179 155 122 78 43 13 1 0 0 0 0 0 0 0 0 4 44 81 100 93 73 57 45 37 33 35 29 34 35 32 33 24 32 39 32 36 34 35 35 36 33 37 36 34 32 31 31 29 31 31 32 131 162 164 185 208 219 222 221 212 137 58 54 46 47 43 45 42 43 44 41 44 47 44 47 52 52 53 48 52 53 51 55 56 55 51 49 49 47 44 44 54 52 51 52 52 53 54 55 53 55 55
88 179 180 177 184 195 195 197 198 198 206 210 209 207 207 202 198 194 180 136 123 156 177 190 185 171 147 124 73 36 18 2 0 0 0 0 0 0 0 0 6 83 103 79 82 81 62 53 44 36 36 34 29 33 32 31 29 31 27 33 34 36 33 32 36 39 34 39 33 34 34 33 30 31 32 28 53 161 155 168 186 208 221 231 222 217 103 56 56 52 46 43 43 47 46 46 42 43 46 45 51 47 46 46 49 47 54 52 52 53 53 54 54 52 49 47 43 47 52 48 51 54 57 59 58 61 57 54
91 182 184 183 184 193 196 196 200 199 205 209 207 209 204 200 193 184 155 71 43 103 145 163 157 148 120 78 37 15 0 0 0 0 0 0 0 0 0 8 95 169 92 68 81 80 53 46 39 34 36 32 32 30 30 30 24 27 32 28 35 34 35 34 31 41 39 35 34 35 31 29 27 29 30 32 115 158 154 177 196 215 225 222 217 207 65 59 59 56 51 43 44 44 43 43 41 47 42 46 46 46 47 51 48 47 52 47 53 54 58 56 55 62 57 54 42 49 51 51 47 54 49 53 52 57 55 53
91 187 188 180 181 193 195 196 196 199 202 206 206 207 202 200 192 179 108 20 0 26 71 102 112 83 57 26 5 0 0 0 0 0 0 0 0 0 1 74 180 188 70 59 66 67 53 39 37 35 34 33 31 32 29 31 28 27 30 29 34 35 33 32 35 31 33 36 32 36 32 32 32 29 27 42 157 144 163 184 202 220 230 225 222 169 62 58 54 58 59 49 46 47 45 47 43 47 44 44 46 47 47 49 48 51 54 51 52 57 62 69 74 73 66 55 46 49 53 55 51 52 52 57 60 57 53 57
90 186 182 182 184 194 197 196 198 200 204 204 202 201 200 194 187 159 61 5 0 0 4 15 28 18 11 1 0 0 0 0 0 0 0 0 0 1 71 181 210 163 56 53 56 61 39 36 34 35 30 33 33 29 34 35 34 28 26 27 30 37 36 32 35 34 32 35 39 36 33 32 35 34 33 90 162 159 181 194 202 210 220 223 217 148 62 53 55 55 53 47 43 43 44 43 40 44 45 45 47 48 45 48 48 51 55 56 55 68 85 97 87 96 86 67 51 44 47 53 47 51 49 55 55 57 55 60
91 182 176 180 186 189 197 194 198 199 200 198 197 194 192 193 173 117 33 0 0 0 0 0 0 0 0 0 0 0 0 0 0 0 0 0 0 58 172 211 210 133 55 44 51 53 37 42 34 36 27 34 31 29 37 32 34 36 30 30 34 32 37 34 34 34 30 30 31 34 31 31 30 34 35 157 159 173 177 202 213 215 222 221 221 122 60 54 60 59 56 49 44 42 42 43 44 44 45 47 47 48 48 52 53 52 54 55 57 79 73 100 132 147 147 102 61 48 46 45 49 55 49 58 57 53 51 52
83 174 175 183 185 190 195 195 199 199 201 199 194 190 183 180 155 77 8 0 0 0 0 0 0 0 0 0 0 0 0 0 0 0 0 0 47 172 208 213 206 117 47 45 43 45 33 34 32 33 31 34 31 30 30 32 32 33 35 33 32 24 30 33 32 32 35 36 34 30 33 35 32 36 73 150 162 175 185 204 220 225 232 221 215 86 61 58 65 59 54 48 53 44 48 44 49 45 47 45 46 46 49 56 58 54 49 48 60 73 93 93 94 110 126 130 66 46 44 61 46 48 53 48 49 52 52 57
82 171 180 188 186 189 192 194 198 198 198 193 188 181 172 162 123 31 7 1 0 0 0 0 0 0 0 0 0 0 0 0 0 0 0 17 136 205 212 211 205 110 47 42 35 35 31 34 33 30 35 31 32 29 33 31 32 36 32 30 32 30 33 32 30 30 32 34 36 30 31 32 36 41 135 141 124 186 193 215 225 217 226 224 206 71 61 59 61 59 53 49 44 45 42 45 44 46 46 48 48 45 49 56 52 54 53 57 61 72 79 84 95 111 131 151 102 46 46 65 49 47 52 45 49 56 58 58
79 173 180 187 184 189 189 194 199 197 192 186 177 172 156 132 75 9 8 0 0 0 0 0 0 0 0 0 0 0 0 0 0 0 2 94 186 211 211 206 195 111 44 49 36 33 37 33 33 34 42 37 31 39 31 30 30 33 34 31 37 33 29 33 31 34 35 30 30 30 32 35 36 70 166 156 163 180 183 209 233 230 223 222 194 67 65 65 70 62 60 55 45 45 45 45 49 49 48 47 49 48 54 49 52 52 53 54 64 62 67 69 70 86 119 157 143 62 43 45 44 44 49 49 54 47 46 54
79 162 179 186 186 187 186 200 218 214 195 177 164 149 125 91 24 2 2 0 0 0 0 0 0 0 0 0 0 1 0 0 0 0 40 159 200 208 204 200 185 111 43 35 30 33 33 35 36 34 31 29 36 31 32 31 29 31 29 30 30 32 30 32 33 31 33 36 32 36 35 34 34 117 169 161 181 202 185 210 224 226 232 225 198 69 67 65 60 67 64 57 45 46 47 46 44 47 54 53 45 46 45 52 56 56 55 56 56 59 59 57 49 67 92 113 157 113 51 45 44 48 46 49 51 49 51 53
75 163 172 184 182 181 186 220 238 231 190 160 148 119 81 33 1 0 2 0 0 0 0 0 0 0 0 1 0 0 0 0 0 11 122 192 205 208 199 189 177 109 36 32 28 34 30 33 37 36 36 33 33 33 33 31 35 31 33 27 29 35 29 30 32 27 31 34 35 30 34 36 82 161 170 173 200 198 205 228 227 230 235 223 212 82 65 62 70 68 66 54 49 47 46 44 43 48 49 58 54 47 52 54 53 58 58 59 55 55 54 52 57 54 71 93 124 111 55 42 42 48 46 51 51 52 48 53
69 158 167 173 177 174 195 235 240 223 167 135 122 87 43 10 0 3 0 0 0 0 0 0 0 0 4 2 1 0 4 2 1 72 175 201 210 205 199 188 179 131 42 36 32 29 32 31 29 31 40 34 30 30 30 32 33 27 29 30 30 33 34 39 32 30 31 34 34 34 37 100 164 150 161 181 194 188 208 223 233 227 233 225 227 132 62 58 65 64 59 56 49 52 52 44 46 51 52 53 52 49 53 48 56 54 58 55 52 58 58 55 54 54 56 60 75 122 136 55 43 51 48 48 51 53 52 51
84 169 180 182 182 179 208 236 233 206 176 175 169 169 158 141 109 97 85 54 28 15 1 0 0 0 0 0 2 0 2 0 22 151 204 210 207 200 195 184 176 157 47 34 32 35 33 32 32 33 35 36 31 33 30 29 27 28 34 30 34 31 30 35 30 31 33 35 34 35 125 160 175 137 138 183 198 192 213 222 234 231 237 226 230 187 69 66 65 55 54 46 47 45 52 46 45 47 52 51 43 48 53 52 55 56 53 53 59 64 58 57 51 49 54 58 56 73 157 87 52 49 53 46 51 51 53 47
106 214 217 211 212 209 215 222 217 218 212 212 212 210 211 205 201 197 188 184 171 130 74 16 3 0 0 0 2 0 1 6 80 186 208 210 202 197 189 185 176 171 67 35 34 39 39 32 34 33 28 33 32 32 29 32 32 26 35 33 31 33 31 33 29 31 33 34 34 91 154 172 174 169 170 188 200 192 204 223 235 225 241 230 230 219 85 65 64 56 52 48 52 51 42 46 43 48 51 45 44 45 48 51 55 52 51 53 56 59 59 57 56 53 55 53 54 66 119 160 51 49 46 46 49 45 52 53
111 221 225 223 222 220 219 218 215 221 219 219 219 217 217 213 210 209 207 199 195 189 170 105 41 7 0 1 0 5 3 28 151 206 208 207 202 195 186 179 177 181 92 33 29 36 35 35 36 32 30 35 35 30 33 31 29 27 29 29 29 29 33 33 33 33 37 42 60 125 136 153 169 166 186 202 205 197 206 225 233 228 240 231 231 228 123 70 57 57 55 52 47 48 45 47 45 51 49 49 46 48 52 52 55 53 51 52 58 58 56 58 56 53 56 54 48 52 64 145 75 49 45 49 53 51 52 54
111 224 224 221 224 223 221 219 220 221 218 219 218 218 218 215 215 214 208 202 197 187 180 159 104 42 10 2 1 1 2 82 183 202 205 205 201 193 186 182 179 184 125 34 33 32 39 34 35 35 30 35 29 27 32 32 29 28 26 31 32 31 35 33 33 37 41 40 92 164 183 168 130 162 192 201 207 206 208 222 230 235 241 236 235 230 150 68 54 48 47 44 44 42 45 43 44 44 46 47 44 51 52 48 56 54 52 49 55 58 60 59 54 52 58 53 51 52 57 122 138 48 42 46 49 51 53 55
111 223 226 224 226 222 222 221 221 224 220 221 219 221 221 217 217 214 214 206 197 186 180 162 129 84 47 19 6 3 18 130 198 204 205 202 201 195 186 181 182 186 162 39 30 33 35 36 33 36 29 31 28 31 31 30 30 29 30 29 31 29 34 40 59 106 64 33 105 155 167 210 177 167 197 205 205 210 202 212 230 236 240 232 226 226 176 77 51 53 51 46 45 44 43 42 45 44 48 52 43 46 47 51 51 51 51 53 59 57 61 64 59 53 57 54 53 55 54 72 176 55 46 44 53 51 48 52
111 227 226 226 226 226 225 225 224 224 221 221 222 222 224 222 222 218 215 208 199 186 171 158 133 98 70 41 24 2 47 175 204 207 199 199 199 194 185 184 179 184 185 68 29 26 29 31 40 33 31 33 32 31 26 31 23 23 30 34 34 41 36 40 81 95 51 16 155 159 174 153 135 166 197 201 209 212 208 209 217 238 237 228 224 225 199 156 99 61 52 46 47 44 41 41 45 48 47 48 48 49 48 49 51 49 53 52 58 56 56 65 61 62 61 60 60 55 56 52 145 93 57 46 52 46 51 51
110 228 225 226 224 226 225 224 222 224 222 223 221 222 222 223 221 221 218 207 195 179 163 147 126 88 57 47 23 13 92 192 205 204 196 198 195 192 183 184 175 177 189 117 29 26 29 33 34 33 32 35 33 28 27 32 22 42 66 84 73 54 54 62 123 126 69 20 91 150 120 97 69 161 195 199 202 194 205 222 215 228 232 226 211 209 212 200 195 168 65 56 40 40 41 42 40 47 48 45 49 48 46 51 47 56 55 52 56 58 58 69 77 71 81 71 58 52 56 53 93 137 79 44 47 46 54 51
111 226 223 224 224 224 226 223 223 223 224 224 222 223 222 223 221 219 212 206 190 173 154 123 102 71 58 51 22 32 148 198 204 202 199 197 188 187 184 177 172 169 190 179 52 23 27 35 39 32 31 29 41 32 29 31 32 68 58 122 115 85 113 128 142 138 157 136 136 171 192 151 57 121 171 154 170 168 189 204 217 215 218 221 188 200 211 210 197 201 143 85 48 37 40 40 44 45 46 51 48 49 45 45 48 49 49 53 51 56 56 74 90 103 119 96 71 60 55 55 60 151 56 42 46 44 49 47
111 226 225 226 225 226 227 224 225 225 224 224 223 222 222 221 219 213 208 198 184 164 153 118 97 72 57 45 21 49 170 205 204 201 197 189 186 183 179 180 173 170 185 198 123 28 23 31 35 33 31 29 33 28 27 32 54 160 142 80 117 176 141 135 156 133 151 162 159 171 181 174 181 162 171 134 139 170 201 204 218 220 219 201 176 199 217 225 200 200 185 87 49 36 39 39 41 44 45 49 47 49 49 52 47 49 48 51 52 54 54 67 75 110 142 111 74 61 53 52 53 99 90 42 47 45 48 47
112 227 225 228 227 226 227 225 226 225 223 221 223 222 220 218 218 213 205 193 176 159 141 109 82 62 46 30 19 77 183 205 204 199 199 189 185 182 180 172 167 172 193 199 193 49 27 27 37 34 32 31 32 28 27 57 179 192 186 118 100 177 186 171 157 170 175 183 176 171 169 169 194 200 194 173 162 186 205 214 221 206 199 215 195 189 196 230 222 196 199 173 110 51 40 43 42 40 45 51 46 49 47 49 46 48 48 49 54 57 56 61 65 87 102 113 95 78 55 51 51 56 124 41 46 44 51 45
111 227 227 228 227 227 226 225 226 225 225 226 224 221 219 219 213 207 198 185 167 149 121 90 64 48 37 22 11 90 188 206 204 199 197 188 183 183 176 169 157 172 195 198 197 120 29 23 31 31 34 33 33 27 54 171 202 192 189 175 161 147 164 179 179 186 195 190 197 169 159 172 196 210 173 161 147 173 202 222 223 209 209 205 199 190 217 228 227 204 190 197 201 174 56 42 39 40 45 48 48 48 49 49 54 59 52 56 53 58 58 68 79 91 121 119 97 71 59 53 51 48 95 49 46 46 49 51
111 226 227 230 228 228 228 231 227 224 224 223 223 224 222 220 211 206 194 177 161 131 96 72 52 34 22 8 5 113 192 204 204 199 194 188 187 181 172 169 161 170 195 194 196 188 39 21 24 34 28 34 30 37 155 201 197 188 192 177 164 146 100 167 199 200 193 177 181 170 176 176 185 198 202 179 130 159 190 195 206 188 201 227 223 215 206 211 212 201 190 198 212 223 163 51 37 42 45 46 49 48 48 48 49 53 54 53 53 59 61 77 82 91 123 151 133 100 68 58 53 51 64 68 52 47 47 44
115 228 227 230 227 227 228 230 228 225 224 223 224 224 220 220 211 200 190 173 147 111 78 67 36 17 8 1 5 124 200 206 201 198 195 187 183 179 169 159 148 175 188 188 200 206 107 24 21 29 33 27 36 123 196 199 196 190 177 167 158 149 142 128 149 174 179 164 153 131 146 177 200 210 192 183 141 177 223 222 225 206 205 224 223 220 211 208 200 206 224 202 209 218 222 122 42 36 43 48 45 41 51 52 48 49 54 53 55 60 62 74 96 94 106 131 113 97 75 58 48 52 56 75 51 45 44 47
112 231 231 230 226 230 228 227 230 226 225 222 223 223 222 219 208 195 180 156 126 87 56 45 18 2 0 0 6 139 205 208 202 197 195 190 184 170 155 147 157 177 192 195 201 207 183 40 22 27 29 28 75 192 198 202 192 182 171 160 160 168 171 175 179 182 188 189 187 174 142 119 134 190 202 183 168 176 224 230 222 205 206 218 233 234 227 220 217 213 206 207 207 222 222 210 79 41 42 48 42 43 47 53 52 51 53 49 54 56 59 79 103 122 146 155 143 97 67 65 52 53 49 78 52 46 43 46
113 228 228 231 231 228 226 225 226 225 227 223 225 224 220 215 207 192 166 129 91 58 35 27 0 0 0 0 24 156 207 206 200 198 195 192 182 164 160 155 170 184 194 198 201 208 208 97 19 22 32 44 164 199 194 194 184 177 164 157 169 163 167 175 180 182 193 195 190 195 200 192 175 170 171 194 190 175 180 228 227 231 235 236 239 243 244 241 234 231 231 232 197 189 220 215 167 41 42 47 43 47 49 54 53 52 53 54 55 59 66 77 135 162 190 195 162 124 71 71 59 51 53 65 58 45 47 49
113 227 226 226 226 228 226 226 227 226 225 225 225 221 220 211 197 182 134 93 68 42 18 3 0 0 0 0 35 176 207 207 199 195 192 189 180 170 166 176 185 188 192 200 201 207 208 188 36 27 30 106 186 190 194 195 176 166 163 150 166 170 174 174 185 189 194 194 194 198 199 192 193 198 196 158 164 180 186 231 210 210 215 209 209 207 209 210 210 220 219 214 202 197 220 215 213 75 41 45 47 48 48 52 52 57 55 55 55 60 71 81 142 195 217 212 198 170 98 75 67 52 53 56 67 44 47 46
115 227 227 225 227 226 227 226 226 227 226 223 222 215 214 202 185 156 100 68 45 20 2 0 0 0 0 0 60 181 206 209 198 198 192 186 185 172 174 182 187 193 196 198 202 205 207 210 96 26 36 161 188 187 195 185 177 162 162 162 170 171 170 177 188 195 194 196 190 198 194 194 198 200 207 210 195 189 204 207 209 209 210 210 205 201 204 211 211 215 217 217 218 219 217 217 220 139 46 46 47 48 48 51 52 53 56 55 61 59 64 85 154 205 224 225 219 202 149 80 65 58 54 53 60 44 43 46
115 230 225 227 227 227 225 227 227 227 225 223 220 213 202 189 160 111 67 43 26 0 0 0 0 0 0 0 81 188 208 208 199 195 192 189 187 181 183 188 193 199 196 197 194 201 206 214 174 33 90 180 181 196 187 172 168 170 164 168 166 171 175 186 192 198 196 195 200 199 197 197 204 207 211 213 218 217 214 210 207 210 211 210 212 211 210 211 213 215 215 217 215 218 215 218 221 186 43 51 42 45 49 52 51 51 54 56 58 61 78 100 155 215 237 235 235 222 183 97 62 61 56 54 58 51 44 46
115 228 230 228 228 228 227 230 228 226 225 223 217 205 193 167 112 66 28 6 0 0 0 0 0 1 0 1 103 198 209 202 197 194 192 187 180 176 184 190 196 195 192 195 195 201 207 211 211 77 144 170 180 198 175 166 162 169 173 181 176 172 184 187 190 193 190 198 201 198 204 205 206 211 213 218 221 221 217 212 211 211 214 215 214 214 211 212 218 220 220 224 221 219 217 213 220 218 58 51 41 45 47 54 48 53 54 58 58 67 70 92 162 217 234 239 239 233 208 108 68 60 54 54 51 51 48 48
116 231 231 226 228 227 226 231 230 230 224 222 209 189 161 125 69 28 2 0 0 0 1 0 0 0 0 10 129 200 209 200 195 189 187 182 180 185 190 193 192 189 196 192 194 201 207 213 215 151 169 159 176 184 172 167 164 180 175 180 182 181 182 193 194 192 192 196 201 196 200 207 213 210 215 218 221 219 217 215 218 217 214 220 220 221 217 214 218 218 219 223 223 219 215 220 220 225 88 45 44 47 51 52 49 56 55 59 59 62 73 98 170 215 232 243 244 237 222 133 85 68 55 52 51 52 47 47
112 225 223 221 221 221 223 225 225 227 221 212 194 167 120 74 24 1 0 0 0 0 0 0 0 0 1 26 149 205 209 199 195 182 177 175 176 181 193 194 187 189 192 185 195 199 205 214 213 210 167 170 183 187 186 179 174 175 173 181 182 184 187 188 193 187 195 200 206 204 204 206 206 209 217 218 224 221 215 212 212 215 214 215 219 224 227 225 226 222 220 221 223 221 219 214 225 225 95 53 48 45 54 60 57 52 55 59 58 69 71 102 170 209 231 240 241 239 225 179 105 65 61 53 51 52 48 44
97 192 190 184 190 195 194 200 199 196 192 190 176 159 142 90 40 4 0 0 0 0 0 0 2 0 4 43 170 199 202 194 185 182 172 170 176 190 196 193 190 190 194 193 197 204 208 210 211 201 160 177 181 184 182 180 179 182 172 180 185 187 192 193 189 192 205 205 204 208 207 205 207 210 214 213 222 219 214 211 213 214 211 220 223 228 237 239 239 231 227 225 222 225 222 217 225 222 96 47 45 51 55 57 55 55 54 58 60 68 79 104 160 202 228 244 245 244 228 195 131 75 57 54 52 49 48 46
71 136 137 145 153 154 161 164 166 168 162 163 163 166 163 167 150 111 66 30 3 0 0 0 0 0 0 59 176 201 193 188 186 184 169 163 175 188 195 193 196 193 193 196 201 205 205 211 213 189 154 173 173 185 185 182 181 183 182 183 185 188 194 194 197 197 204 206 209 211 208 209 209 217 215 218 222 218 214 208 210 218 217 224 231 243 246 245 241 233 230 226 224 225 220 220 225 222 84 47 42 52 55 58 56 55 62 54 56 68 96 117 154 199 224 236 243 247 233 201 130 81 55 55 83 52 47 44
62 128 144 141 139 143 149 149 146 158 162 159 168 171 169 179 180 181 180 154 103 47 16 1 6 1 6 77 180 197 192 189 184 185 175 160 172 187 194 193 190 189 190 194 200 204 206 213 212 180 151 162 171 182 182 182 183 181 180 184 183 188 196 196 198 204 206 209 210 210 202 208 213 214 214 217 219 217 215 211 211 211 215 222 231 241 247 246 240 232 226 225 225 225 222 222 222 214 64 47 48 53 60 65 57 54 61 54 53 65 93 132 147 189 218 235 244 247 237 218 160 103 64 56 52 51 54 46
72 155 154 153 154 154 151 158 151 157 162 160 172 177 183 184 187 189 189 186 177 149 84 26 9 3 8 90 181 192 193 189 189 184 173 160 180 189 190 183 177 182 193 196 195 200 205 207 211 169 150 155 161 170 190 188 186 181 184 183 188 190 197 198 205 205 209 208 209 208 201 206 214 220 218 219 219 219 215 210 213 212 212 222 235 241 245 246 236 228 226 226 225 224 220 223 221 205 57 46 51 54 59 58 57 56 57 59 58 64 88 122 142 185 219 234 241 245 240 228 181 113 75 56 57 51 45 47
81 168 162 167 164 161 164 160 158 163 166 171 169 179 187 185 190 189 192 189 183 171 132 58 9 0 9 96 183 194 194 190 189 185 171 163 175 181 175 169 173 182 187 192 201 204 206 207 212 167 150 150 163 181 193 193 190 184 180 182 185 189 192 199 205 207 211 205 209 206 207 213 221 223 220 222 221 219 218 210 212 215 218 220 233 240 245 241 236 228 226 225 223 221 221 223 222 192 48 47 55 54 57 58 56 54 56 56 57 66 77 102 155 181 211 228 237 247 245 235 199 117 82 55 62 52 46 45
85 173 172 175 167 163 167 166 161 159 170 173 180 182 187 196 193 190 194 188 181 166 122 58 15 0 3 90 172 182 189 188 184 175 167 168 171 171 171 176 174 183 185 190 196 195 205 209 205 162 147 142 162 182 196 196 192 186 180 186 185 193 192 199 201 207 211 204 206 208 207 217 222 224 223 224 222 219 215 211 215 218 217 219 226 232 236 234 226 222 225 223 221 222 217 221 220 183 45 46 54 57 60 55 58 51 57 55 55 60 74 99 146 175 207 226 233 240 244 235 210 136 80 61 60 54 53 48
85 173 170 170 172 161 162 163 159 158 171 170 174 180 184 190 196 193 192 184 184 161 108 37 3 0 0 90 175 180 179 181 181 174 166 169 169 173 176 181 172 176 184 188 195 194 196 198 198 155 148 145 162 171 196 199 197 192 188 187 187 194 193 197 195 202 211 222 206 201 213 220 222 223 222 222 222 219 218 213 212 214 220 225 228 231 228 224 221 222 223 222 222 221 220 221 222 183 47 45 49 57 57 56 54 54 58 56 60 57 69 104 128 166 198 223 232 234 239 235 218 164 91 66 64 55 48 45
79 166 167 172 175 175 160 154 155 156 164 170 177 179 184 192 194 194 184 181 161 131 69 11 0 0 0 81 183 196 181 174 177 170 168 175 172 174 177 177 174 184 185 184 188 184 194 196 194 158 153 134 158 172 187 200 202 193 189 185 188 193 192 201 199 206 209 206 209 210 218 224 224 222 221 223 221 219 210 206 209 212 217 223 221 220 222 222 223 222 225 222 222 217 220 221 217 206 68 45 46 56 52 53 54 54 58 57 52 62 77 86 122 168 195 218 230 236 233 235 223 180 102 69 56 58 51 43
79 153 160 187 209 219 192 163 154 154 158 163 170 171 177 185 186 188 181 177 162 125 46 1 0 0 0 67 173 200 189 175 171 162 170 179 183 185 181 172 177 180 180 181 182 182 185 187 187 167 159 144 150 167 175 195 204 196 193 189 189 194 196 197 198 209 205 200 210 212 220 223 223 222 223 222 221 221 217 207 211 211 215 220 220 221 220 222 222 225 225 223 223 219 221 222 217 212 102 45 46 53 52 55 53 55 55 54 55 64 66 80 102 159 187 202 215 227 234 236 225 187 103 68 60 57 55 49
70 144 153 186 210 232 228 198 167 154 151 158 163 173 176 182 181 183 183 170 141 86 23 0 0 0 0 40 144 192 190 180 170 163 176 188 184 185 175 167 176 179 180 177 177 177 179 177 185 167 163 146 160 166 175 186 201 196 197 190 190 192 195 198 197 207 204 208 211 213 218 220 224 223 223 223 219 218 215 208 212 211 218 215 217 218 220 221 222 225 223 223 221 220 222 221 221 217 132 46 46 48 57 54 57 57 51 56 54 59 64 80 102 125 169 186 205 212 217 215 201 171 115 75 70 61 57 55
73 133 136 146 164 188 207 208 195 174 154 150 162 164 166 180 177 177 172 153 112 49 2 0 0 0 0 34 107 171 187 180 170 167 180 181 177 175 173 168 172 173 177 173 168 167 169 172 171 166 170 154 151 162 171 186 200 199 194 192 189 187 196 200 199 208 209 207 209 208 218 218 223 219 219 222 220 220 217 207 206 212 217 212 217 218 222 222 223 224 223 223 224 224 221 220 221 219 158 51 47 51 52 49 54 54 54 55 53 56 62 72 97 110 142 158 166 175 175 175 172 137 104 74 65 60 62 55
59 120 120 110 131 155 192 212 211 197 162 153 151 159 164 172 170 173 159 118 66 14 0 0 0 0 0 51 81 147 180 181 167 170 177 179 177 171 168 171 169 171 163 164 164 162 160 164 163 149 168 159 155 162 172 187 195 195 193 190 192 190 193 198 194 199 202 211 207 208 215 215 215 218 218 221 215 217 213 211 210 211 215 217 217 222 222 222 221 226 223 221 223 223 221 220 217 221 189 54 53 51 54 54 53 54 56 57 56 58 60 67 106 99 109 107 107 112 117 128 145 117 92 74 68 61 64 53
64 113 102 118 122 148 173 205 209 207 175 141 145 147 155 156 150 134 116 72 24 0 0 0 0 0 3 60 78 125 173 176 169 167 171 172 172 173 173 168 164 161 160 157 159 156 151 154 156 146 170 166 154 166 168 183 192 192 189 190 187 186 193 193 192 197 201 202 207 209 212 212 213 214 213 218 217 218 217 214 213 214 215 215 220 218 222 225 223 225 224 225 224 221 221 222 217 224 199 52 48 43 48 55 52 55 57 57 57 57 55 65 71 87 105 95 92 95 113 126 112 111 102 80 69 64 67 62
64 123 110 104 111 133 148 158 175 185 159 133 134 135 136 135 125 102 59 18 0 0 0 0 0 0 7 56 91 137 179 170 154 158 162 169 171 170 167 168 161 162 150 160 155 158 157 149 143 135 180 173 161 162 167 177 187 188 187 185 187 183 188 193 194 198 199 206 210 209 209 208 211 210 214 217 217 221 220 215 214 214 217 218 218 221 225 224 223 223 221 226 224 221 221 222 214 224 205 51 44 45 54 55 53 56 53 52 55 58 60 64 71 73 93 87 91 83 87 105 98 102 92 79 80 66 62 60
47 99 99 106 107 112 119 123 136 138 131 107 106 109 108 110 95 68 21 1 0 0 0 0 0 0 0 54 107 156 187 175 158 161 156 167 171 164 162 158 156 147 143 148 157 160 148 139 136 144 175 173 171 166 167 180 179 184 189 184 192 184 185 190 197 202 199 208 209 204 207 206 211 213 213 217 219 219 219 219 218 215 218 217 220 221 226 226 225 225 225 227 225 223 224 224 218 226 209 56 45 45 51 53 49 59 54 55 55 52 61 65 73 78 85 88 82 85 90 102 105 86 85 78 80 70 61 62
15 64 94 103 93 91 97 84 73 83 73 72 57 67 60 60 44 20 1 0 0 0 0 0 0 0 0 59 143 164 181 183 161 159 164 170 163 162 154 147 143 136 125 139 120 94 70 43 30 109 176 176 172 169 168 177 179 182 184 184 179 185 188 192 196 201 199 206 207 212 207 209 212 211 213 212 218 220 217 218 213 214 215 220 222 222 224 224 225 225 225 226 224 225 225 223 217 224 207 52 44 39 47 55 52 56 53 48 59 56 52 59 56 66 64 72 80 81 81 86 83 86 88 86 78 70 68 61
10 52 77 75 70 67 64 53 42 40 36 47 44 36 30 17 14 0 0 0 0 0 0 0 0 0 0 54 135 153 164 170 162 161 157 156 158 157 144 132 124 99 65 42 15 8 0 0 0 112 176 180 177 174 166 175 183 177 180 184 183 184 184 185 194 197 199 208 211 210 208 208 210 209 212 215 217 219 219 220 220 220 221 222 221 221 224 224 222 224 225 223 224 224 226 222 212 224 200 49 40 46 47 49 52 53 54 56 49 54 48 61 57 55 62 69 79 68 70 81 82 85 84 88 73 71 71 64
10 40 44 51 55 48 34 22 23 24 29 29 19 8 11 5 2 0 0 0 0 0 0 0 0 0 0 48 130 146 157 155 132 107 104 119 141 149 130 96 60 41 19 10 6 6 5 1 1 124 180 181 180 177 173 180 186 185 182 184 186 189 186 185 186 195 198 202 206 208 207 205 210 211 213 214 218 220 219 223 221 226 228 227 225 223 225 224 220 223 223 225 220 223 225 224 212 224 197 43 41 45 47 51 56 55 49 48 54 56 52 53 57 56 61 64 66 62 74 75 71 82 81 82 69 71 73 66
11 18 23 27 34 30 17 5 10 11 9 11 0 0 0 0 0 0 0 0 0 0 0 0 0 8 30 71 86 60 47 20 16 7 16 73 124 123 87 60 45 36 23 18 17 9 5 7 2 144 180 181 179 182 171 180 187 187 184 190 187 186 187 188 194 194 196 202 200 204 202 205 206 213 213 214 218 221 221 220 222 225 230 227 225 225 224 221 222 228 226 226 222 223 224 222 211 221 181 44 39 45 48 48 49 51 52 51 53 53 54 49 56 54 55 64 54 55 62 62 65 75 75 80 68 70 69 69
5 7 26 22 22 20 8 5 6 0 0 1 0 0 0 0 0 0 0 0 0 0 2 58 112 132 86 44 20 6 0 1 1 7 67 105 111 83 65 52 37 29 21 16 11 11 7 5 6 158 183 177 179 180 177 179 186 189 185 185 186 187 188 187 193 197 201 202 201 201 202 204 207 211 208 211 217 222 226 226 225 230 227 227 223 222 224 220 224 222 222 226 224 221 220 221 211 219 176 42 40 44 43 47 54 52 51 55 55 54 57 55 55 55 52 57 57 58 64 70 59 70 70 70 69 71 71 62
0 0 4 8 14 6 1 0 1 1 0 0 0 0 0 0 0 0 0 0 5 84 156 131 72 27 14 6 7 1 2 0 2 24 68 86 77 62 51 47 27 20 14 11 13 14 3 5 21 171 193 186 177 176 174 177 184 192 184 184 185 188 190 187 193 194 198 196 201 200 201 201 206 211 210 213 218 217 223 225 228 232 226 226 226 224 224 222 225 226 226 227 223 222 221 221 210 219 160 40 33 36 45 40 46 49 49 54 53 49 53 58 53 56 54 55 57 56 53 57 67 69 70 70 69 69 73 70
0 0 0 0 0 0 0 0 0 0 0 0 0 0 0 0 0 0 5 62 167 149 98 49 23 20 10 13 7 7 7 3 20 47 72 66 53 57 47 29 16 13 11 14 15 16 5 7 41 182 192 187 184 180 174 182 182 186 182 184 184 187 187 187 190 195 196 198 197 200 199 202 204 210 210 211 214 218 222 222 228 226 225 225 223 224 223 223 225 226 225 225 224 223 224 222 209 219 136 36 30 36 42 46 47 48 46 51 47 49 48 48 55 54 55 56 54 56 61 59 64 67 65 69 72 73 64 70
17 20 10 4 0 0 0 0 0 0 0 0 0 0 0 0 0 32 142 164 124 83 51 31 19 16 16 9 8 8 7 15 39 67 80 66 60 42 33 19 13 16 10 10 11 6 9 6 59 189 194 192 183 180 177 180 185 187 187 185 186 186 189 188 194 195 198 199 201 202 199 207 208 211 207 214 218 214 219 223 226 227 222 223 222 223 223 224 230 228 224 224 225 225 223 222 211 219 118 39 37 42 43 47 53 48 49 49 46 51 46 47 52 57 58 56 59 56 57 59 64 72 72 78 72 71 70 66
83 162 156 118 86 34 6 0 0 0 0 0 0 0 0 4 95 180 141 106 64 33 18 15 11 18 18 10 8 8 7 33 62 75 74 62 49 40 29 17 19 17 8 8 9 6 4 6 77 187 196 198 187 177 179 174 185 184 183 182 185 185 185 192 193 195 200 198 201 204 202 205 204 210 211 217 219 220 223 223 225 231 225 226 226 225 223 225 227 228 228 228 224 224 224 222 208 223 104 37 37 40 41 44 45 49 47 43 47 48 47 55 55 56 57 55 57 56 56 59 65 69 81 77 74 68 66 72
82 162 166 162 160 157 132 73 33 4 0 0 0 0 30 159 168 134 109 68 33 15 9 5 9 6 15 2 14 16 29 68 69 78 81 57 39 26 15 9 14 10 11 9 5 4 3 2 85 183 189 193 187 177 176 175 183 183 177 179 177 186 188 188 196 200 197 196 200 202 195 201 205 209 210 215 221 222 223 220 224 224 222 224 224 226 225 224 226 228 228 227 228 224 222 218 208 221 91 35 41 41 40 44 44 45 46 49 49 52 51 55 58 54 58 56 51 57 53 52 54 66 75 71 72 70 70 69
87 163 157 151 148 154 158 161 144 117 58 13 0 33 154 148 132 116 73 39 28 20 14 10 14 14 11 7 7 18 46 79 84 68 58 42 31 22 15 9 10 11 9 9 8 6 9 8 118 186 193 197 190 182 184 172 181 182 183 181 184 183 180 186 189 194 200 195 197 199 200 198 199 209 210 215 218 219 223 221 222 223 225 227 223 225 225 224 227 230 230 227 230 228 224 214 209 217 68 40 35 39 42 46 46 41 45 46 47 52 54 57 51 52 54 52 51 49 57 54 53 57 66 65 67 68 68 69
85 171 174 172 168 155 154 144 138 135 132 104 67 122 142 134 104 80 58 34 27 18 16 15 15 7 8 4 7 23 67 79 65 52 40 32 18 18 17 9 7 11 7 8 5 7 4 4 160 186 193 195 188 196 187 177 185 185 184 184 184 186 182 188 187 195 197 195 201 197 199 201 205 212 211 221 222 221 224 221 224 224 227 227 224 225 226 227 228 228 230 228 230 228 226 213 213 208 49 34 37 39 41 42 46 37 45 44 44 44 49 49 55 57 53 54 53 53 53 56 54 59 61 61 60 69 68 70
87 174 177 169 169 170 159 147 135 109 84 85 112 121 128 103 80 55 44 33 21 16 16 14 15 10 15 9 13 36 56 62 53 45 34 26 11 9 14 6 9 11 13 8 4 5 2 6 151 181 186 196 198 193 193 187 185 183 180 181 180 185 190 196 184 192 198 198 199 194 198 197 206 211 217 217 219 220 220 223 224 225 225 226 222 222 223 225 226 227 226 228 231 228 224 212 217 198 46 34 35 35 39 37 43 45 49 43 46 49 55 46 49 46 57 58 55 55 54 57 60 57 62 57 64 68 75 70
87 181 179 175 174 166 162 158 130 102 79 110 133 128 102 70 59 53 37 28 22 15 16 16 17 18 17 17 22 46 55 49 37 37 27 20 9 11 11 11 9 14 15 10 6 5 2 41 184 182 189 190 197 189 194 189 184 177 180 174 177 179 181 182 185 186 189 195 204 198 195 200 205 210 214 222 220 222 223 223 224 226 226 227 223 226 225 225 225 227 232 228 232 228 224 205 213 195 43 35 32 33 35 39 43 40 48 48 46 47 51 54 54 52 55 49 46 55 55 55 58 65 67 68 67 69 74 71
92 177 179 179 170 170 168 156 137 81 86 128 130 106 77 54 51 36 28 24 13 17 13 15 10 14 16 16 32 47 47 44 37 28 23 13 9 8 9 8 16 15 8 10 6 5 6 70 188 189 194 189 197 200 199 192 185 176 181 175 180 185 179 181 185 189 189 193 198 197 199 201 207 212 214 215 223 224 223 223 225 228 227 227 222 224 224 226 226 228 230 230 230 225 224 209 212 183 39 34 33 34 39 40 43 37 42 42 48 46 51 49 52 53 47 57 56 51 56 56 64 62 72 68 68 67 72 65
93 179 182 180 174 174 169 161 104 81 111 137 117 84 59 44 36 34 28 18 17 11 10 10 15 16 19 16 33 51 41 32 24 20 11 17 10 13 17 11 17 11 13 10 9 8 7 95 188 188 196 192 198 202 204 197 195 183 180 177 177 182 182 177 179 182 189 194 194 194 195 200 206 213 213 220 221 224 226 227 223 226 230 226 223 222 226 225 225 230 228 228 228 225 221 212 213 169 35 32 31 32 40 41 39 41 43 44 42 51 47 51 47 53 49 54 60 55 59 60 60 65 62 65 68 62 64 64
91 177 180 179 176 172 168 122 73 106 119 128 95 78 56 47 37 30 22 19 16 17 10 11 18 15 16 26 43 45 33 23 18 21 17 18 20 19 16 8 8 14 13 9 13 8 5 119 185 190 201 185 193 204 201 198 196 187 183 176 182 181 179 180 177 185 185 188 190 192 196 200 208 211 212 217 221 224 224 224 224 227 226 225 223 224 224 224 218 230 227 226 227 225 224 215 218 166 32 36 27 28 31 32 37 37 37 41 44 44 54 52 49 54 54 56 55 57 55 56 60 61 56 59 57 64 61 54
94 179 176 171 169 171 143 64 95 120 120 112 88 73 54 42 28 28 22 18 20 13 13 13 17 15 22 31 34 33 27 20 17 9 13 19 18 17 15 15 16 9 13 11 10 4 5 157 189 194 207 192 190 202 199 195 193 192 189 184 179 176 177 176 179 183 182 186 190 189 197 201 208 211 211 214 220 224 224 223 223 224 226 225 223 222 222 222 225 227 224 223 225 226 224 213 214 160 40 28 29 28 33 39 33 39 41 42 39 46 53 47 54 57 48 48 54 56 53 51 56 56 55 58 57 49 53 42
91 177 176 177 175 150 67 75 117 121 112 98 72 62 47 41 31 23 19 17 15 14 15 14 21 20 27 29 30 28 23 18 11 11 18 13 16 13 19 15 13 9 10 9 10 4 7 167 188 198 206 202 200 202 201 193 196 196 190 192 184 181 174 173 180 185 182 189 192 187 200 204 208 208 211 217 220 225 223 224 224 227 223 223 222 222 225 227 227 224 223 223 224 226 221 215 218 143 35 26 26 32 31 32 34 36 42 39 39 41 45 47 54 109 49 49 47 47 54 49 57 48 55 52 59 44 39 52
92 174 173 164 157 77 72 100 124 113 100 91 75 55 39 31 35 22 20 14 18 17 13 17 16 16 17 24 22 19 18 16 14 15 19 15 15 13 15 9 11 7 14 10 11 4 21 176 189 202 206 202 205 207 200 199 196 195 194 194 193 195 194 186 179 186 187 189 189 188 198 201 207 208 213 213 219 224 222 223 224 224 221 219 224 225 225 228 228 225 224 224 225 227 221 214 223 130 32 33 26 26 31 32 34 36 39 36 37 36 42 48 46 47 44 45 51 51 47 46 55 52 49 43 31 31 46 79
91 176 168 147 74 74 96 125 128 107 95 75 55 33 26 21 18 19 18 18 16 15 16 16 21 16 17 18 18 18 19 17 17 16 15 9 15 11 9 10 10 16 5 7 2 3 36 177 187 202 206 200 207 202 196 196 193 196 195 194 194 194 194 193 190 187 188 190 190 196 198 206 206 209 212 217 220 221 222 225 227 225 225 223 224 223 228 228 225 225 224 226 227 230 222 215 219 116 29 29 31 30 32 31 33 33 35 39 35 34 39 36 43 45 47 41 43 43 41 43 39 37 37 21 22 35 68 107
97 186 154 79 68 105 115 115 113 97 65 57 37 28 21 19 17 19 17 18 18 21 14 19 18 18 19 26 22 19 15 16 17 18 11 8 10 7 13 10 13 10 6 5 5 2 69 180 180 199 205 204 205 201 198 195 192 193 194 194 194 189 188 189 189 190 188 193 190 195 200 202 207 207 212 218 221 222 222 223 225 224 225 225 227 225 228 226 225 226 223 226 227 226 218 220 222 104 30 22 23 28 28 26 46 27 29 33 34 35 34 36 39 37 34 34 27 29 31 32 24 26 21 29 40 67 119 143
90 166 86 88 95 99 108 111 105 81 59 41 30 22 17 10 7 8 13 18 13 15 19 9 13 17 17 20 21 20 15 16 13 15 14 16 14 15 11 11 7 13 5 6 3 1 93 183 182 199 202 199 205 200 199 196 194 190 190 193 193 192 190 185 188 189 189 192 194 198 198 208 209 208 217 218 220 221 221 226 223 225 224 227 227 228 226 227 227 228 225 231 230 227 213 224 222 82 19 18 21 19 23 21 27 15 24 27 23 28 28 23 32 20 20 20 15 14 18 30 29 16 23 42 69 117 144 163
74 93 85 113 98 99 99 96 93 61 49 23 16 13 13 10 10 6 11 14 15 13 9 11 9 19 15 18 14 16 11 20 13 9 13 13 14 14 7 11 6 6 9 6 2 2 137 184 184 198 205 201 204 199 198 196 194 197 194 196 196 197 192 186 190 192 190 192 194 197 205 207 210 207 217 219 223 221 221 226 226 225 224 226 226 224 224 222 230 226 225 228 231 223 214 226 213 47 14 7 10 16 19 28 21 18 16 18 22 20 16 15 16 11 7 10 13 27 35 31 2 15 34 65 91 144 160 177
39 86 107 99 93 95 103 87 70 47 35 23 17 17 16 11 8 13 13 14 8 14 6 11 10 16 14 15 14 15 18 19 13 14 16 13 10 16 10 9 13 15 14 10 5 6 168 189 189 201 204 202 204 204 200 196 195 193 195 198 190 188 188 187 193 190 195 195 197 202 207 208 206 213 219 219 220 220 222 226 225 224 225 226 224 221 225 226 227 225 225 228 228 224 221 223 205 32 10 9 7 11 10 8 13 6 6 7 9 5 2 3 13 15 23 30 34 34 30 13 11 42 58 100 131 153 175 177
47 98 103 97 94 99 91 75 56 37 35 21 14 11 16 8 13 7 10 15 16 8 13 14 15 15 17 16 21 17 20 14 11 13 9 10 15 11 15 10 11 8 7 9 6 44 176 186 195 208 202 201 202 197 197 194 192 189 192 195 190 190 192 190 196 194 197 195 202 206 208 208 209 213 220 220 223 223 223 224 225 220 225 225 223 223 226 224 230 228 228 230 226 223 221 223 189 21 7 2 3 2 6 2 4 1 1 2 3 10 15 43 49 68 70 73 83 85 82 72 60 94 119 137 151 161 179 188
44 98 102 98 111 108 78 62 40 32 20 17 17 9 14 11 17 13 10 8 16 0 13 16 18 15 18 19 14 19 9 13 8 18 10 16 8 11 13 10 14 7 9 8 8 78 182 189 200 208 207 206 200 194 195 190 193 195 194 195 192 188 190 190 194 195 196 198 202 210 207 211 212 215 221 222 222 222 226 226 226 225 225 225 223 224 227 227 230 228 230 230 228 220 218 224 167 22 3 1 0 1 5 5 6 8 13 17 35 49 70 77 88 87 92 91 90 112 103 96 116 132 185 188 170 176 170 182
46 93 93 100 116 96 69 47 32 33 27 16 13 9 9 15 7 10 10 9 11 10 11 15 15 16 16 18 17 18 14 14 9 18 16 17 14 9 13 11 10 13 27 15 9 116 179 189 205 209 205 208 205 199 196 195 193 195 196 194 193 190 190 192 195 197 200 201 208 208 208 215 211 217 221 222 221 223 225 228 226 228 223 223 222 224 226 230 232 228 230 228 230 222 224 222 128 21 16 15 13 14 17 21 17 17 31 44 81 102 121 132 137 136 135 141 132 123 95 72 70 68 105 166 195 171 170 168
51 104 109 119 102 74 61 45 31 28 18 18 13 15 10 9 8 5 10 13 10 13 13 10 13 14 16 21 16 10 13 13 7 8 11 8 10 11 8 11 13 8 6 7 6 150 181 193 202 208 204 205 205 201 201 194 192 195 194 196 193 193 192 189 197 197 201 200 206 209 208 213 213 219 221 223 224 222 225 228 226 224 224 224 224 226 226 227 231 228 227 228 230 220 221 218 102 29 26 26 22 19 17 21 15 42 83 124 135 139 150 157 162 164 168 168 159 144 133 111 81 73 77 95 153 199 164 162
56 104 112 107 90 68 52 35 30 31 24 27 18 14 14 15 13 6 13 11 10 17 13 13 15 9 18 14 11 15 10 10 8 8 14 16 13 7 11 11 8 7 8 7 21 170 174 193 207 205 205 201 199 198 196 195 194 194 195 195 193 192 190 192 198 195 198 200 208 208 208 211 215 221 221 225 223 223 226 230 225 224 225 224 222 225 226 227 232 228 230 228 226 214 219 210 70 35 27 31 31 27 20 29 69 121 141 159 168 171 172 173 179 173 174 181 186 184 175 161 130 106 92 100 94 149 201 158
51 111 100 94 81 59 49 34 27 28 23 21 11 15 14 11 9 9 14 17 10 14 10 14 13 11 15 10 15 15 16 13 8 7 10 13 14 11 8 14 13 9 10 5 48 175 186 195 207 205 202 201 198 197 196 193 192 193 197 195 194 196 192 199 198 196 204 201 208 209 209 212 219 220 223 226 223 223 227 228 226 228 226 226 224 228 230 230 233 230 232 228 227 213 219 195 51 27 28 30 23 21 36 103 149 158 163 177 179 187 185 187 193 185 187 186 196 192 179 164 153 146 119 119 90 97 151 173
49 100 99 82 78 45 42 29 24 27 23 16 9 13 15 15 11 6 14 16 10 11 18 15 18 11 14 14 9 14 14 13 14 6 11 8 7 7 11 8 6 6 4 4 75 177 185 198 208 206 201 202 199 196 194 195 194 195 197 196 193 194 196 197 198 200 205 206 207 209 213 215 218 220 223 225 224 222 226 230 226 225 224 224 225 231 231 231 233 231 230 232 227 219 218 173 33 23 24 26 24 34 108 155 174 177 172 186 187 194 194 190 193 194 194 189 196 188 187 184 169 158 149 119 83 77 96 124
51 91 79 74 59 44 42 37 30 26 19 19 10 18 17 15 11 15 15 15 16 15 16 17 17 17 13 15 17 18 13 13 15 15 13 11 14 14 11 11 15 13 7 8 83 173 187 196 205 202 208 204 202 200 196 195 197 197 196 194 195 198 194 199 196 201 202 207 209 209 214 218 220 222 224 225 223 222 228 230 231 225 225 224 226 228 228 233 233 231 231 230 223 210 208 138 27 21 26 26 27 109 158 171 181 184 185 192 190 198 189 194 187 193 198 190 196 197 195 188 188 185 169 150 106 77 48 84
40 80 72 75 58 46 44 39 28 22 18 21 17 16 15 15 15 17 13 13 9 15 15 17 15 18 18 16 14 14 18 15 19 15 14 18 16 13 17 16 11 14 6 3 94 169 185 197 205 207 204 200 199 197 199 198 198 194 196 192 194 198 197 204 198 205 207 208 208 210 214 217 223 222 223 223 222 225 228 228 228 225 225 224 224 228 228 232 231 232 228 232 220 209 194 91 21 15 21 27 90 156 168 175 187 189 188 192 202 210 219 199 200 201 197 197 199 194 196 193 202 199 186 183 146 84 56 53
41 62 66 60 49 43 31 29 23 19 15 23 16 14 15 14 17 19 17 13 13 13 15 18 17 16 19 19 16 16 15 20 20 21 20 17 17 15 15 14 14 11 4 5 112 170 181 202 204 204 198 202 200 197 197 194 198 196 195 196 199 196 198 202 201 202 207 209 211 209 213 217 221 225 225 225 223 225 227 228 227 226 227 225 225 226 231 232 230 231 230 231 217 206 169 64 9 11 13 61 144 169 177 186 186 187 190 192 207 205 208 199 198 206 205 210 209 202 201 198 195 198 204 207 183 136 69 31
