P2
128 128
255
34 65 58 48 31 30 29 24 22 20 20 23 15 17 18 15 17 18 14 16 18 15 22 24 15 16 20 18 15 15 15 20 21 21 22 15 15 16 17 11 11 6 6 6 112 162 184 201 210 206 201 204 198 198 198 197 194 197 196 193 200 197 199 202 204 205 205 207 210 211 211 215 221 222 221 223 221 225 226 228 228 226 227 224 225 226 230 232 233 230 230 230 217 197 129 22 2 5 26 125 158 172 181 185 190 190 188 196 212 202 206 206 201 198 207 207 201 206 205 208 201 210 213 212 210 157 83 26
28 52 41 34 31 27 31 26 26 29 20 24 18 21 18 14 14 14 10 15 14 19 13 16 11 14 16 21 14 16 16 19 16 14 14 16 14 20 14 10 11 11 4 4 120 169 186 198 205 206 201 201 200 201 198 199 198 200 196 197 200 197 197 202 204 202 204 210 205 209 213 215 219 219 220 222 220 225 227 227 228 225 226 222 226 226 233 233 230 234 232 228 204 174 94 6 0 5 78 150 166 179 176 185 189 194 205 202 201 205 201 206 210 208 206 204 207 210 208 210 212 210 217 223 220 186 84 42
18 37 35 33 30 29 26 26 23 22 21 31 20 18 16 16 13 10 15 15 13 15 10 15 19 17 19 19 15 16 17 19 16 10 8 13 16 15 10 7 13 11 8 2 117 162 185 197 196 201 204 200 195 197 196 195 197 198 193 193 199 199 202 205 208 206 209 207 208 213 215 218 222 222 224 223 222 226 228 230 227 226 226 224 226 228 231 230 231 231 232 226 193 162 59 4 1 20 128 164 169 173 187 196 193 189 202 197 199 205 209 204 204 213 211 211 211 208 214 208 213 221 224 231 228 176 52 125
19 36 40 32 30 34 28 27 29 22 23 22 26 18 18 14 14 16 15 18 14 14 17 15 11 15 17 19 16 18 20 19 13 17 17 15 11 16 8 10 9 8 6 5 125 166 183 193 201 200 204 199 197 197 196 194 196 194 195 198 199 199 204 204 202 206 207 209 210 214 219 219 222 222 224 225 222 224 227 227 226 227 226 225 228 228 231 231 232 232 234 226 182 120 24 0 3 81 149 169 173 183 183 187 195 195 197 200 200 204 202 201 204 206 208 213 210 208 210 217 211 222 225 225 212 86 105 197
17 40 32 34 34 29 29 24 26 20 27 28 23 23 20 21 11 15 16 14 14 16 10 15 18 18 20 15 19 17 21 14 15 15 16 13 14 15 10 9 10 9 6 7 128 173 186 197 202 202 201 198 199 197 196 197 193 197 197 194 201 201 205 205 205 207 206 211 211 217 218 215 223 222 224 221 224 225 226 227 227 226 224 226 227 227 228 230 231 232 232 220 161 73 8 0 13 128 163 171 179 184 186 194 187 196 202 205 204 202 204 208 208 211 211 211 217 221 215 214 219 212 217 208 163 170 214 210
17 33 35 33 31 34 31 30 36 32 29 28 24 23 22 20 18 15 10 9 11 11 13 14 19 21 20 19 24 21 14 15 15 13 14 14 13 9 13 13 11 10 9 14 129 170 186 194 200 200 204 198 199 195 195 198 195 196 193 195 197 199 205 206 209 208 211 210 208 217 217 219 222 221 223 222 224 225 228 224 223 227 226 226 224 226 227 230 228 232 233 206 116 42 4 0 54 147 173 172 187 190 186 194 190 200 199 198 198 196 197 196 197 202 202 209 208 214 214 208 198 189 172 110 156 205 237 232
15 26 34 36 40 37 36 36 33 31 29 22 29 28 26 19 17 14 11 13 17 14 16 9 15 21 20 21 24 18 21 9 14 13 13 13 13 14 10 11 13 14 16 23 123 168 192 192 194 201 198 198 198 197 193 197 195 193 198 196 197 199 205 207 209 209 212 212 215 217 219 224 225 224 225 224 223 226 228 228 225 228 225 225 224 226 231 232 227 230 231 181 78 18 0 6 92 153 169 179 188 194 190 198 197 198 194 187 183 184 184 182 187 187 190 197 195 197 204 202 197 142 73 23 24 149 202 233
15 32 34 33 36 36 34 37 29 30 21 27 24 24 22 17 24 14 17 8 10 10 14 10 13 16 24 19 24 18 21 18 17 14 13 10 10 18 11 11 20 15 14 19 135 171 192 195 195 198 201 200 197 196 196 194 198 196 194 196 198 204 210 207 208 210 213 215 213 218 218 223 224 223 225 226 224 227 227 226 226 227 225 226 227 228 231 230 231 231 225 157 42 7 0 23 121 160 177 186 190 193 193 199 195 190 185 175 181 177 182 183 188 181 188 197 193 195 199 199 197 205 156 45 10 3 91 193
15 33 29 32 31 34 36 33 30 27 30 27 23 30 27 24 22 19 17 18 11 15 15 14 16 24 23 24 21 29 22 15 13 14 14 14 14 18 14 16 17 10 8 22 146 176 189 197 196 201 199 199 201 199 195 194 196 198 195 199 200 202 204 210 211 210 214 213 217 218 219 224 223 224 226 224 224 227 225 226 226 226 226 226 226 230 232 230 228 228 221 121 18 0 0 35 137 175 189 188 195 193 192 189 190 195 186 181 179 174 170 166 185 185 185 196 197 195 196 201 201 204 215 188 68 15 1 88
13 34 34 29 30 28 30 30 35 32 28 29 29 22 28 24 23 20 19 19 18 15 16 18 18 21 23 30 27 27 22 15 10 7 17 11 17 10 16 18 17 18 11 26 141 176 192 192 199 207 200 201 201 195 197 197 196 196 198 197 201 205 209 209 210 212 215 213 218 221 220 225 225 226 225 225 225 225 226 226 225 225 226 226 225 226 231 231 231 224 212 90 14 2 0 55 142 181 188 193 189 190 194 195 194 196 192 185 184 181 183 179 187 193 192 198 197 200 201 209 211 221 217 218 211 117 22 2
13 24 32 31 26 27 27 31 33 39 32 31 29 28 24 23 29 23 29 22 17 19 15 17 24 22 28 30 22 22 18 11 13 13 19 11 15 15 13 16 8 9 6 42 142 174 190 197 202 202 204 201 201 196 196 200 199 198 199 200 204 204 206 209 211 210 213 215 219 221 222 224 225 223 224 223 224 225 228 226 223 226 227 227 223 228 227 231 228 220 186 58 7 0 2 79 149 186 193 194 196 198 195 197 198 193 193 190 193 194 194 189 196 195 189 192 201 204 208 211 207 215 224 223 228 219 130 22
11 26 29 31 29 22 21 27 32 36 28 30 27 23 21 32 27 27 31 28 19 17 24 18 23 23 28 34 23 20 17 9 14 13 16 19 14 13 18 16 6 7 9 60 139 179 192 197 202 204 200 195 196 195 195 195 197 198 194 198 202 205 202 208 211 214 213 215 219 221 222 225 224 222 225 225 227 226 227 225 226 225 225 225 225 227 228 228 224 208 172 29 2 0 37 80 164 194 196 198 199 199 199 201 198 199 195 198 195 195 192 192 193 193 197 192 195 190 189 196 200 206 205 207 225 227 212 109
14 28 26 26 30 21 22 22 24 33 33 30 29 24 28 33 32 26 29 23 20 15 17 18 14 22 30 30 23 19 17 15 22 18 18 18 10 15 11 9 11 8 4 80 143 175 194 200 207 202 196 195 196 197 194 195 197 198 196 199 196 202 204 207 211 214 217 218 219 218 223 226 222 225 224 225 225 227 230 226 227 228 225 226 226 228 226 224 218 199 144 10 1 4 86 141 180 193 198 202 200 200 198 202 202 205 197 197 193 195 195 192 194 185 187 189 184 181 176 186 176 174 170 174 164 158 163 167
13 29 29 28 29 26 24 24 24 31 27 35 33 27 26 28 32 29 24 27 20 20 17 15 17 21 29 31 22 20 14 18 27 14 16 10 15 10 11 11 6 4 4 106 146 177 188 199 211 206 198 198 195 198 195 195 197 195 197 199 200 202 205 210 214 214 219 217 222 219 219 224 223 219 222 224 223 227 226 226 227 226 227 226 226 227 221 219 205 183 106 8 0 18 139 159 181 198 201 200 199 200 202 198 198 200 195 192 192 201 193 194 196 192 182 175 173 169 164 159 155 157 156 156 145 154 184 185
13 28 26 26 32 27 26 29 27 24 23 28 27 31 32 30 33 30 30 28 20 18 23 15 17 21 24 26 20 20 22 13 16 9 18 11 13 15 1 6 5 6 3 122 148 176 190 199 208 201 198 198 196 197 196 196 199 196 198 197 199 205 205 206 210 215 217 218 220 220 224 221 220 223 223 222 223 226 226 225 227 225 224 223 223 223 223 218 190 168 72 0 0 46 155 164 192 199 196 198 202 201 200 196 195 195 188 193 189 196 196 194 189 189 190 182 173 157 148 145 149 146 145 135 142 163 176 182
14 29 23 22 27 33 32 26 23 27 33 26 26 29 24 29 32 28 26 27 22 16 15 16 17 15 23 24 19 16 20 15 15 13 11 11 13 9 10 2 2 2 1 133 147 182 193 200 210 202 198 197 190 195 198 197 199 197 198 198 205 202 202 209 213 215 218 219 220 222 223 223 222 222 222 225 224 227 226 224 226 226 226 223 222 223 213 204 179 136 35 0 0 71 161 172 193 201 198 196 195 199 201 195 193 188 184 187 193 196 189 190 194 192 192 181 175 172 169 172 158 162 161 163 172 185 190 189
15 30 22 27 22 28 27 19 21 30 23 27 26 27 27 23 28 24 30 23 17 20 19 13 15 16 19 20 21 17 17 18 16 15 14 11 11 5 6 6 1 2 7 145 148 183 196 205 208 201 198 200 193 195 198 198 196 194 200 198 201 207 208 212 211 217 219 220 223 223 222 223 222 222 225 226 225 228 226 224 227 225 224 220 220 219 207 196 172 99 10 0 1 108 156 180 199 205 202 202 194 195 196 188 180 184 185 194 185 186 190 194 192 189 182 176 181 182 179 176 172 181 180 190 185 186 185 188
15 32 29 26 19 20 26 21 24 24 21 23 22 29 24 21 27 30 22 24 19 17 16 15 20 19 18 22 22 20 17 16 16 13 5 14 11 3 3 2 3 0 17 160 147 186 196 207 208 200 198 197 196 198 197 200 197 198 199 202 207 207 208 211 213 219 217 221 222 222 224 222 222 221 224 228 225 228 226 224 223 222 224 220 219 215 201 180 141 65 5 0 20 113 158 179 199 207 210 202 195 192 186 181 181 182 183 186 180 186 189 193 192 195 185 185 187 187 183 182 185 187 188 187 190 188 192 190
17 27 24 19 18 18 21 18 18 26 22 19 20 23 27 22 26 28 22 22 22 15 19 16 21 16 14 15 24 20 18 14 13 15 8 4 9 8 4 3 4 1 36 160 147 184 195 209 206 204 205 200 197 199 196 198 194 197 198 201 206 208 210 209 211 220 218 222 222 224 223 221 223 223 225 225 227 226 224 225 222 221 222 219 217 204 193 172 125 44 1 0 51 125 164 184 199 208 208 204 194 185 175 173 173 185 184 179 185 188 190 185 183 185 188 189 186 188 189 184 190 188 189 186 189 189 187 185
15 31 21 24 19 22 20 16 16 16 22 14 15 24 23 26 24 27 23 21 14 20 22 14 19 19 17 21 17 18 17 16 11 10 6 5 11 11 1 7 1 0 48 160 149 185 200 210 206 196 198 195 194 195 196 198 198 198 199 198 204 207 213 209 212 218 220 224 222 222 222 221 222 221 225 224 225 225 225 224 224 223 220 214 210 194 184 158 90 30 0 1 66 133 166 182 198 205 201 197 188 177 173 173 184 177 176 181 189 190 186 184 182 186 186 186 183 174 176 179 175 175 181 182 187 189 186 185
20 31 27 22 20 21 19 23 26 18 20 20 17 22 20 24 22 27 20 24 21 26 20 13 18 14 17 14 15 17 15 18 15 10 15 6 8 3 2 4 0 0 59 163 150 186 202 209 204 198 195 195 197 199 197 198 194 200 196 200 205 209 211 209 213 218 220 220 221 225 223 221 223 221 224 223 224 226 222 224 223 221 219 215 207 188 171 130 65 10 0 13 74 145 173 183 195 205 200 188 179 175 168 174 176 175 179 181 190 189 186 185 180 177 172 172 168 168 174 171 173 176 182 179 184 180 177 196
16 33 26 16 18 17 17 18 22 22 14 16 19 17 24 22 23 24 23 22 19 23 20 13 11 18 14 11 18 16 16 15 11 8 4 8 3 4 2 1 0 1 78 158 149 188 201 208 202 198 197 196 196 196 194 195 195 201 201 201 205 204 209 211 214 218 219 220 220 224 222 219 222 223 225 223 224 225 224 222 220 219 217 210 199 179 164 110 52 8 0 16 96 144 166 180 193 200 199 184 179 171 175 181 174 175 176 181 186 181 174 177 179 177 168 169 167 167 180 179 173 179 183 180 179 182 180 188
17 23 24 23 19 19 20 20 20 20 22 19 17 21 22 23 26 26 20 20 20 17 18 23 17 19 22 19 15 16 14 17 7 8 8 14 7 2 5 0 2 0 102 159 156 185 198 208 205 201 198 194 198 196 193 197 199 199 200 206 207 209 209 210 217 217 219 220 224 224 220 218 220 215 222 223 224 222 222 221 219 218 209 198 188 168 150 102 40 6 0 36 109 153 167 177 189 192 182 181 177 174 175 172 179 181 182 177 179 177 177 177 179 173 166 171 168 172 181 174 179 185 180 184 181 181 185 193
15 28 28 22 20 21 21 20 21 15 18 14 14 20 23 21 23 20 21 17 23 20 15 18 17 16 13 16 10 15 13 14 10 5 6 3 2 4 3 0 0 0 131 151 162 193 201 206 200 197 197 197 197 193 198 195 200 200 201 202 207 210 210 211 218 217 219 221 222 223 221 221 220 220 224 223 223 223 221 219 215 214 206 197 184 160 128 79 26 2 0 49 117 150 169 176 184 181 172 171 164 173 173 172 170 176 180 175 175 171 174 175 170 167 170 169 169 173 176 181 184 182 181 184 181 190 194 193
17 29 27 23 20 22 23 28 24 18 15 13 14 6 9 19 21 21 22 18 20 16 20 13 19 13 14 13 8 13 15 14 8 7 8 7 2 4 4 0 0 6 154 157 166 190 200 205 197 196 196 192 197 196 195 192 197 196 200 210 207 205 213 212 218 218 221 219 223 220 219 218 220 220 222 222 222 221 221 217 213 207 202 192 174 145 121 67 13 4 4 55 120 153 157 168 176 171 163 164 164 173 167 173 172 175 177 171 174 174 176 173 172 172 166 171 173 174 176 175 177 183 182 182 190 187 193 198
19 33 24 22 24 24 20 22 24 18 19 21 18 6 10 7 17 21 20 22 21 26 14 14 17 14 11 13 14 11 8 10 10 7 11 6 1 1 2 2 1 36 164 153 168 193 198 205 198 200 199 198 197 195 194 198 200 201 204 205 207 208 211 213 217 217 218 219 221 223 218 219 218 221 223 221 222 219 218 215 212 206 193 185 164 136 87 47 16 2 4 70 124 154 159 163 171 168 167 167 167 172 170 175 175 174 166 172 170 170 174 171 166 172 169 174 171 176 177 174 177 181 181 183 190 188 192 193
17 30 23 28 21 22 24 24 22 18 19 14 13 11 9 0 11 17 21 20 19 17 14 17 17 16 11 11 7 5 2 7 7 6 9 6 0 2 0 0 0 51 167 153 173 190 197 206 200 200 196 196 195 194 197 196 196 199 201 207 208 209 210 214 214 218 221 221 221 219 219 220 215 215 221 218 220 217 218 213 208 201 187 176 151 124 80 37 5 4 16 73 118 149 161 163 167 161 170 163 170 171 172 177 177 175 168 173 175 173 172 175 168 161 169 174 177 176 179 180 180 180 182 181 189 193 194 193
14 30 26 23 23 26 21 21 21 23 22 20 16 13 11 1 0 14 21 17 19 18 20 23 19 11 10 11 4 1 0 2 3 4 0 0 0 0 0 0 0 77 168 148 175 189 197 207 201 201 196 195 197 199 197 197 199 202 202 206 206 208 210 211 218 217 221 219 223 218 219 220 218 215 218 218 215 218 217 209 204 192 179 173 149 109 68 32 0 0 19 83 121 139 143 155 157 146 158 164 172 169 174 177 173 171 171 173 175 170 166 166 170 166 168 174 174 174 179 174 181 177 180 183 190 189 195 197
17 30 27 26 23 22 26 27 27 26 20 23 15 13 8 5 2 3 18 21 18 21 20 16 15 11 7 2 0 0 0 0 0 6 1 3 0 1 0 0 0 100 181 154 180 186 201 207 204 198 195 199 199 195 202 199 199 200 206 208 204 207 210 212 217 219 223 220 221 221 220 221 218 219 217 218 213 210 212 204 199 188 176 158 139 104 61 26 1 1 27 92 134 144 153 153 154 153 160 168 170 169 175 173 175 170 169 174 174 173 170 167 169 169 172 174 173 169 174 169 171 179 177 182 187 188 192 193
16 35 31 27 24 21 24 27 22 23 27 26 23 11 11 7 3 0 2 13 15 15 18 20 18 14 1 0 0 0 6 15 32 48 86 84 94 84 40 0 0 116 162 154 184 187 195 198 202 200 198 200 195 198 198 199 206 200 207 208 204 205 211 215 214 217 218 218 219 219 219 219 217 217 217 217 211 210 208 199 192 181 170 158 130 85 49 16 1 2 43 90 128 142 153 151 155 159 167 171 172 170 171 169 168 180 171 176 173 174 170 163 170 176 173 169 167 167 170 172 174 176 177 183 185 189 189 196
20 33 24 27 24 29 20 23 18 30 26 31 22 21 11 5 2 3 0 0 10 11 10 14 3 1 1 8 35 55 87 93 84 94 109 149 135 106 36 0 5 129 159 146 180 184 194 205 200 193 194 196 198 199 199 200 201 202 206 204 205 207 212 212 213 213 214 218 218 214 214 217 215 219 212 211 207 207 200 197 188 174 166 150 125 84 55 21 0 5 39 82 128 138 150 151 155 161 164 171 172 170 171 169 170 174 177 176 175 171 168 166 170 167 171 173 166 166 174 166 174 179 181 183 184 185 189 185
16 30 28 22 22 28 26 23 24 29 32 30 24 18 11 11 4 1 0 0 0 1 8 8 7 31 35 65 102 86 90 85 86 82 92 80 31 14 3 0 41 149 160 157 182 186 194 200 196 194 187 196 195 193 198 199 201 204 206 204 204 207 209 214 214 214 217 217 217 214 213 212 215 215 214 210 209 207 204 190 184 174 156 142 119 87 53 19 0 11 39 81 122 143 142 148 153 164 169 169 166 169 180 170 172 176 176 175 174 168 159 163 167 168 170 171 169 172 172 172 175 177 183 180 183 188 189 187
17 35 24 26 23 19 22 20 26 23 27 30 24 17 16 7 5 0 2 0 0 4 43 51 90 128 121 70 27 10 24 55 78 86 83 15 2 0 0 0 56 163 169 163 184 185 198 197 198 190 195 197 194 199 197 199 202 200 205 204 202 210 209 212 213 217 215 215 219 215 217 210 214 215 212 212 209 200 199 187 184 172 159 136 118 71 48 11 0 8 47 93 123 141 150 149 155 170 170 175 175 172 176 176 173 174 174 171 171 170 161 163 167 167 170 169 167 168 169 174 174 183 183 179 179 183 189 180
17 31 24 24 22 16 22 21 20 20 27 26 21 16 15 5 0 0 1 0 6 54 68 92 118 119 74 29 13 6 20 42 74 88 41 7 0 0 0 0 72 157 163 166 185 189 196 199 200 198 199 202 197 198 195 201 202 205 207 206 205 209 211 213 213 212 215 214 212 210 212 208 209 212 212 208 200 198 193 186 183 171 158 137 110 72 36 6 0 11 54 85 110 141 146 154 160 160 168 172 176 176 174 172 179 176 175 173 173 168 167 170 168 166 163 166 163 163 167 170 172 180 179 182 181 180 184 180
16 31 24 29 22 29 20 19 22 19 23 23 21 19 14 8 2 2 2 21 84 74 87 51 31 44 32 21 32 19 19 17 41 65 28 16 8 2 0 0 86 164 166 167 188 193 198 204 204 195 198 196 195 199 196 202 206 208 208 207 209 211 211 217 217 215 214 213 210 211 213 208 212 209 210 207 202 197 190 186 177 164 156 136 108 72 46 6 0 11 46 83 117 133 138 141 151 161 172 175 175 175 173 177 179 176 173 175 174 172 170 164 168 164 166 168 166 167 166 173 174 179 177 180 183 183 183 173
14 28 23 24 28 23 20 22 23 16 22 19 13 16 14 6 2 1 60 103 55 65 23 1 1 42 73 95 103 44 23 39 62 83 55 35 26 2 5 29 119 162 158 170 188 190 194 197 197 199 197 198 197 194 196 200 202 205 206 206 206 208 214 213 213 213 217 214 211 206 207 206 212 210 212 205 197 193 189 182 172 162 146 134 105 78 43 5 0 8 51 75 113 136 133 143 151 148 159 171 171 173 172 173 175 174 174 174 172 174 172 172 170 170 170 161 166 167 169 167 170 177 177 181 176 179 179 175
14 27 20 21 21 27 26 20 21 24 20 15 17 9 4 3 8 98 156 115 48 16 18 11 24 98 144 167 154 100 102 110 144 150 108 29 13 3 9 18 142 170 166 174 193 195 197 197 197 194 192 197 196 196 195 196 200 204 206 204 206 206 212 210 212 212 212 212 210 202 207 204 209 206 207 207 198 192 186 180 174 166 146 136 102 73 49 2 2 4 47 79 110 128 131 150 147 149 155 166 167 172 168 167 170 176 176 170 171 168 170 168 163 163 167 168 162 160 164 167 175 173 171 177 176 175 177 162
11 23 29 28 30 23 22 21 21 22 19 16 11 8 6 9 88 139 98 67 32 14 22 35 129 143 136 115 115 84 74 111 144 133 97 16 10 5 0 16 155 170 163 180 192 192 199 199 198 196 198 200 197 194 200 204 202 207 209 208 210 211 217 212 213 214 214 215 209 208 207 208 207 205 206 198 197 188 183 177 168 160 148 131 110 64 28 3 3 6 53 71 106 123 135 151 154 144 153 158 160 160 158 169 159 164 176 172 172 172 172 168 164 171 171 164 166 162 167 164 169 166 167 168 171 169 170 161
9 21 23 23 27 24 22 24 23 28 17 19 20 17 8 37 99 94 57 23 30 9 35 110 162 119 62 44 30 22 23 67 82 54 57 7 3 3 2 27 162 172 166 182 192 199 197 200 201 201 199 195 205 198 199 206 205 205 208 209 213 211 215 212 212 213 212 212 210 208 205 209 207 207 205 197 194 185 177 171 170 162 153 129 100 68 26 0 0 5 51 82 105 120 129 141 149 144 145 153 148 155 154 150 156 163 169 168 177 171 163 169 171 164 161 162 160 162 166 164 169 166 162 166 172 173 173 158
10 22 20 20 20 23 20 20 21 19 16 18 15 9 14 68 70 53 14 2 0 23 120 163 125 56 41 98 59 10 6 7 17 30 33 7 4 20 42 54 161 172 162 187 194 199 199 200 197 201 198 193 198 198 200 204 204 210 208 207 208 211 212 210 212 213 212 210 207 206 201 205 206 204 201 195 194 185 179 173 171 161 154 129 100 70 17 0 2 4 40 75 103 120 135 136 139 135 141 143 137 139 138 145 147 156 162 164 160 166 166 166 164 164 173 162 162 163 158 158 162 167 171 164 173 169 166 164
7 20 22 21 21 20 13 14 17 15 10 15 6 14 61 79 48 29 10 8 0 53 149 123 53 27 125 173 119 42 40 56 64 24 7 0 7 0 10 68 166 172 159 187 196 202 199 200 198 197 199 192 193 199 202 204 205 205 206 209 209 212 212 204 210 212 214 209 201 205 202 204 205 206 204 194 189 179 179 174 172 163 150 122 107 68 14 0 1 2 31 59 94 115 123 128 134 134 138 141 137 133 136 134 131 133 145 159 160 154 155 160 161 166 159 155 160 160 161 167 156 161 169 168 169 157 157 150
5 20 24 18 21 13 10 9 10 10 13 8 2 32 97 115 35 19 23 7 4 81 121 81 16 36 151 158 156 94 55 74 131 70 13 23 75 33 0 70 163 172 167 186 196 206 201 197 196 199 198 194 195 193 200 207 204 206 206 207 211 211 212 210 217 213 210 207 201 199 201 201 205 204 195 192 187 183 174 168 159 150 144 131 102 57 6 0 0 1 16 56 88 112 124 133 126 135 145 136 125 125 122 117 116 129 135 145 146 155 150 147 150 157 153 153 153 153 153 154 156 159 155 156 161 156 157 156
7 15 14 14 17 14 15 11 9 14 9 9 33 87 105 79 35 17 22 0 36 125 133 57 6 66 141 155 154 136 97 92 93 17 9 37 54 1 0 81 168 171 166 190 195 206 202 196 197 198 196 195 196 194 200 207 208 210 208 210 208 211 213 213 213 212 211 210 201 201 200 198 201 202 196 192 186 176 175 161 157 153 141 123 94 48 5 0 0 2 11 53 82 110 122 136 135 135 134 131 135 123 118 111 106 123 122 132 139 136 145 148 139 145 143 146 144 148 149 150 150 148 149 145 153 149 160 153
13 21 22 20 15 17 15 8 15 11 6 30 109 107 77 46 16 22 9 5 93 139 131 58 19 77 122 131 141 164 132 131 118 30 9 20 6 0 2 103 167 172 160 184 195 205 202 200 199 201 197 198 201 199 202 206 210 206 209 209 208 213 211 209 214 212 211 211 207 200 201 198 199 200 196 190 173 169 172 168 163 160 148 128 91 48 3 0 0 0 5 41 68 106 119 117 123 130 132 126 131 119 111 108 118 123 119 117 131 141 141 142 139 136 133 133 131 138 143 149 149 150 141 149 146 145 151 158
16 31 40 31 26 20 17 17 14 7 10 17 42 22 11 13 9 2 0 14 108 160 141 79 55 74 121 99 139 150 136 119 134 96 46 53 15 5 2 144 164 174 166 186 197 204 199 201 196 197 199 195 194 196 206 206 207 205 205 210 208 212 213 213 210 208 208 204 201 197 200 202 201 200 195 193 185 181 179 170 162 158 153 130 106 52 7 4 0 2 5 32 71 82 107 128 121 131 136 129 124 122 99 109 103 106 96 112 111 118 134 137 126 124 128 136 129 134 135 144 141 143 147 148 137 141 156 146
17 31 39 32 32 26 18 19 23 20 22 22 14 17 16 6 4 0 2 11 97 142 136 92 77 56 123 125 136 157 137 115 78 64 84 72 7 33 11 148 166 175 166 193 199 200 200 197 196 200 193 199 201 199 204 202 205 206 205 209 213 208 206 211 211 209 207 200 200 201 206 208 206 201 195 193 181 175 176 170 168 158 155 133 107 47 8 4 0 3 3 27 56 81 111 121 128 142 135 120 117 110 104 107 98 94 98 104 122 123 131 131 128 124 130 119 120 128 128 129 131 135 133 141 136 143 143 144
15 32 32 26 22 24 17 22 22 24 18 22 14 32 49 19 6 0 2 21 81 97 104 75 54 32 80 112 131 148 130 105 102 118 139 69 9 42 11 157 166 177 167 193 199 201 200 192 195 193 192 195 196 197 201 206 209 206 210 211 211 214 209 211 215 210 207 204 202 206 209 209 201 200 195 189 184 177 176 167 173 166 142 139 100 37 10 1 0 1 1 20 49 79 103 123 133 141 137 129 128 112 110 103 94 91 104 96 108 118 121 121 125 113 113 117 124 119 120 133 124 135 132 143 136 141 142 141
14 23 26 26 23 18 19 21 21 17 17 18 9 14 55 37 29 1 22 40 79 79 61 61 64 32 61 110 126 150 151 132 108 145 136 56 33 16 41 153 168 179 170 190 200 199 198 195 198 196 190 196 196 198 204 206 207 208 207 209 210 212 210 214 211 210 205 201 198 200 207 204 199 198 195 196 184 177 176 170 170 159 155 135 95 32 6 0 1 0 2 13 41 74 98 108 128 135 131 136 134 121 113 111 111 90 94 91 106 116 118 111 103 105 113 115 118 109 120 124 130 137 125 135 139 142 141 143
6 17 22 22 17 21 19 22 16 16 13 13 7 11 24 34 21 5 6 8 61 67 24 49 83 49 79 109 126 139 115 102 119 163 145 36 19 1 48 158 172 177 164 187 202 204 199 195 194 193 192 195 193 202 206 210 212 206 210 207 211 214 213 210 209 205 205 195 198 200 198 199 201 195 196 189 184 176 176 174 171 160 155 143 103 29 4 0 0 1 1 5 35 66 92 105 122 128 128 133 130 125 108 112 107 91 96 97 104 116 115 113 117 107 111 111 106 106 113 111 128 131 129 136 141 134 135 145
3 14 15 14 18 20 15 15 20 18 14 13 13 5 15 30 33 15 8 2 48 62 27 42 117 53 104 123 130 113 135 145 148 151 136 77 75 23 55 163 176 179 164 190 198 205 199 198 201 195 193 200 195 201 205 207 207 207 212 210 209 211 211 210 210 207 201 196 196 199 200 199 201 197 196 188 179 174 172 171 173 168 154 144 91 22 7 0 0 0 0 3 39 48 78 104 121 131 131 128 129 120 119 119 110 94 87 96 112 123 115 119 115 109 109 106 113 91 111 118 129 136 134 142 130 134 133 132
6 16 13 16 19 18 18 17 16 23 17 9 9 5 7 23 35 17 19 7 27 48 24 15 84 107 123 123 130 143 161 161 158 105 70 116 147 64 97 159 168 177 167 189 199 204 197 192 199 196 194 195 198 202 205 207 209 206 209 207 210 212 210 212 209 202 198 197 197 199 202 196 201 195 193 192 182 177 177 173 166 163 156 137 81 23 2 0 0 0 0 2 10 36 69 91 106 126 131 134 132 128 126 125 123 105 103 100 102 125 132 124 121 120 109 96 102 105 115 117 121 125 133 136 132 125 133 130
5 11 6 15 10 13 14 20 15 16 11 10 6 8 1 19 36 31 39 36 10 36 43 5 19 86 115 92 99 116 133 147 113 47 13 54 106 104 133 161 170 173 164 186 198 204 202 199 198 195 198 198 198 201 206 208 207 207 213 209 212 213 212 209 208 204 201 196 198 200 199 196 197 194 190 194 186 180 175 172 171 166 156 128 72 17 1 0 0 0 0 1 3 33 54 71 93 118 117 126 143 130 128 132 123 120 104 115 121 130 128 128 120 119 112 99 102 95 113 116 118 132 143 139 147 139 129 128
1 2 13 9 15 14 7 17 7 9 9 11 4 1 0 1 10 32 19 14 2 27 44 13 4 52 62 49 33 65 88 106 82 61 10 67 59 54 120 166 170 174 167 188 197 204 196 196 197 198 200 199 201 204 207 213 209 209 212 208 214 211 211 213 209 201 195 197 196 193 199 198 200 197 196 189 181 179 179 174 171 161 158 131 66 19 5 0 0 2 0 0 0 21 56 77 86 104 112 121 130 132 126 121 132 122 121 97 112 130 135 134 126 118 111 99 99 104 99 113 124 132 141 146 145 142 134 128
0 0 2 6 11 10 10 13 9 4 10 6 1 0 0 0 0 6 5 1 1 7 26 47 64 60 66 71 80 57 59 77 52 35 23 10 17 32 125 177 180 184 164 192 198 208 205 195 199 199 199 199 199 202 204 206 207 207 211 211 217 214 215 211 205 204 196 190 192 195 198 195 198 195 194 190 183 177 179 175 171 164 158 119 56 18 4 0 0 0 0 0 2 6 41 62 79 84 100 111 128 132 130 130 124 117 115 106 113 123 129 128 129 115 110 96 99 102 116 124 137 146 151 148 145 149 142 125
0 0 1 0 0 3 4 4 5 0 3 1 0 1 1 0 1 10 10 2 9 17 54 57 52 55 61 61 57 51 67 44 34 5 0 2 0 0 135 173 182 179 170 194 199 205 201 198 201 197 198 199 199 206 207 209 208 210 211 211 217 212 215 211 210 207 199 197 190 194 197 193 194 192 192 186 183 182 182 177 172 170 155 112 39 14 1 0 0 0 0 0 3 0 30 53 62 81 83 106 121 134 126 142 136 135 130 121 117 120 126 125 128 122 109 94 94 109 100 121 133 143 146 153 150 147 134 135
0 0 39 9 0 0 0 0 0 0 0 0 0 1 1 6 21 23 23 20 21 29 36 30 23 24 39 54 70 74 86 21 24 28 6 6 6 2 148 174 175 179 172 190 196 201 201 198 198 197 200 199 199 205 208 208 207 210 212 210 212 211 211 206 206 206 197 199 196 198 196 196 195 190 192 190 185 179 184 175 171 166 148 106 29 14 0 0 0 0 0 0 3 0 18 46 53 73 70 78 111 124 134 137 136 139 131 122 120 129 134 133 125 122 111 98 94 98 105 119 128 136 146 153 147 137 142 130
0 0 0 0 0 0 3 0 0 0 0 1 5 5 9 14 17 21 20 24 30 27 9 9 17 21 32 48 53 52 44 27 54 45 29 20 9 20 164 183 182 182 172 193 196 204 196 198 196 197 202 199 197 204 207 207 206 212 212 214 215 212 213 209 208 205 196 192 194 195 204 198 197 195 196 189 187 185 185 175 175 170 151 104 33 13 0 0 1 0 0 0 1 0 8 33 54 60 69 80 91 103 118 131 139 135 134 125 117 126 125 133 133 118 121 113 95 94 109 123 128 143 146 146 150 145 135 135
0 0 0 0 0 0 1 2 0 0 0 1 6 7 10 17 14 16 20 19 22 15 20 15 28 40 34 42 17 33 16 14 10 14 0 0 0 33 174 184 176 177 172 189 197 204 202 200 198 198 198 200 201 205 208 211 206 211 210 211 213 213 214 211 212 201 197 194 192 198 201 197 199 200 198 189 184 186 182 179 175 171 151 84 30 4 0 0 0 0 0 0 2 2 1 20 47 66 69 72 79 98 108 124 133 144 142 130 130 123 122 131 141 128 115 109 105 99 107 120 130 143 137 146 148 144 141 141
2 2 0 0 0 0 0 4 0 0 0 0 0 7 9 11 13 16 13 13 18 16 32 33 62 88 78 64 28 5 4 28 34 24 24 18 31 74 176 176 180 186 173 189 195 204 202 202 197 197 200 200 201 205 208 208 208 211 209 213 209 213 212 210 213 206 199 192 190 199 194 198 197 198 190 186 188 184 181 180 180 172 143 72 20 4 0 0 1 0 0 1 0 3 5 7 41 67 64 70 80 81 96 125 128 135 145 139 134 123 122 121 134 130 128 116 113 104 102 119 129 146 146 144 139 147 143 142
7 7 6 2 0 0 1 0 0 0 0 0 0 6 4 4 15 9 11 15 16 17 19 49 87 115 87 79 49 9 4 11 14 8 21 9 14 80 179 181 183 181 169 193 200 200 204 202 196 199 201 202 206 205 208 209 208 208 212 211 210 212 211 212 211 205 200 195 196 201 198 195 200 200 198 193 186 184 185 176 179 167 142 48 13 0 0 0 0 0 0 0 1 4 3 2 16 55 65 66 73 68 87 106 112 137 144 144 135 125 124 126 139 139 137 133 120 108 104 112 124 136 145 145 154 145 141 148
8 22 13 18 9 7 3 0 0 0 0 0 0 0 3 1 8 3 4 8 11 13 11 21 85 102 70 37 7 3 2 46 55 46 34 30 3 102 182 182 181 181 171 189 193 205 201 204 197 199 199 202 202 207 210 210 209 213 213 210 207 213 212 210 208 204 199 193 195 202 201 200 204 204 196 190 192 188 182 180 173 169 135 45 22 0 0 0 0 0 0 0 0 3 0 0 7 34 64 67 64 70 75 87 107 123 139 137 135 118 111 117 124 135 143 132 115 93 103 102 111 130 145 144 149 148 148 146
16 23 26 30 24 26 20 17 2 0 0 0 1 0 0 4 3 3 5 4 8 11 7 13 36 40 7 3 10 41 73 104 88 52 45 43 34 142 183 184 183 181 168 189 197 201 201 205 199 198 197 204 206 205 207 207 211 211 210 214 212 214 214 208 204 198 196 195 193 198 200 202 205 205 201 195 192 186 190 181 173 168 122 43 11 5 0 0 0 0 0 1 0 0 0 1 10 34 59 67 66 88 80 92 96 117 130 134 124 121 110 102 113 122 124 129 113 125 100 95 113 116 137 148 150 148 146 148
18 35 35 39 40 37 35 32 16 15 1 0 0 0 0 0 0 1 3 4 7 7 2 7 8 1 0 0 8 31 79 121 120 86 61 39 19 159 182 184 181 177 171 194 194 204 204 202 197 204 202 205 207 206 208 208 210 213 212 213 212 212 209 208 207 199 197 194 195 199 201 205 204 204 202 197 190 189 185 181 181 168 102 39 11 0 0 0 0 1 1 0 0 0 0 0 6 28 49 59 59 64 75 77 94 112 119 128 121 121 110 102 105 119 131 129 123 116 96 98 117 119 137 136 149 146 144 148
19 37 46 47 53 60 49 45 43 28 19 10 0 0 0 0 0 1 0 4 5 2 7 7 3 0 0 0 0 16 34 37 51 60 28 5 20 166 180 183 184 177 172 188 195 195 196 204 197 198 199 204 206 206 209 210 210 209 212 211 211 213 210 208 207 202 200 200 201 202 206 204 207 204 199 194 192 187 183 184 180 164 85 30 1 0 0 0 0 0 0 0 1 0 0 1 4 16 37 48 65 67 67 77 91 97 109 126 117 119 107 103 111 109 123 122 120 128 103 99 102 109 126 128 146 145 142 148
20 42 40 61 60 61 64 70 65 52 34 28 13 2 0 0 0 0 0 0 0 5 6 23 1 0 0 0 0 2 2 0 0 2 0 0 42 174 182 186 185 181 170 193 195 194 201 202 196 199 197 202 205 207 208 207 213 211 213 215 212 212 210 206 204 199 199 205 204 202 206 208 207 206 204 201 196 188 187 186 181 158 67 27 0 0 0 0 0 0 0 1 0 0 1 0 1 10 33 45 52 66 71 83 91 94 109 129 122 128 102 99 118 109 115 124 119 146 112 94 96 96 115 121 144 147 144 151
19 40 55 59 65 65 65 79 62 62 52 37 32 20 8 1 0 0 2 0 0 1 0 0 2 0 0 0 0 0 1 2 6 14 9 0 65 181 181 188 186 176 171 193 195 193 200 198 193 199 198 204 206 205 210 209 212 211 211 210 210 211 208 207 201 199 196 205 209 208 210 207 206 208 205 197 198 193 189 182 179 157 57 17 0 0 0 0 0 0 0 1 1 1 2 0 0 9 16 47 60 64 78 88 88 97 110 121 131 128 106 96 102 102 107 122 123 124 120 106 98 94 104 125 122 136 145 147
18 46 57 67 56 55 80 103 83 80 55 51 45 45 27 16 4 0 0 0 0 0 2 0 1 0 0 0 6 2 3 5 4 3 4 0 90 185 188 187 184 179 171 195 192 190 196 194 194 199 204 208 207 208 205 208 211 212 210 210 210 210 208 205 202 197 197 204 209 209 210 205 206 205 202 204 199 192 192 186 177 136 41 10 0 0 1 0 0 0 0 1 0 0 1 0 1 3 17 27 47 57 77 97 88 96 111 134 133 132 110 104 106 100 109 121 128 128 131 119 96 87 102 96 120 130 132 146
22 51 62 60 68 69 91 99 104 92 75 65 54 48 53 41 34 18 0 0 0 1 0 0 0 0 0 0 7 2 10 4 5 4 5 9 119 186 193 190 183 177 173 192 195 190 197 192 192 196 207 207 207 210 209 210 214 213 213 212 212 213 210 209 206 202 204 208 212 209 209 208 209 206 201 198 192 194 192 185 177 122 35 1 0 0 0 0 0 0 2 1 1 0 1 0 3 6 14 29 58 55 59 84 99 99 115 124 132 135 117 100 103 103 113 122 130 128 119 126 106 98 96 103 113 124 130 148
15 42 49 52 67 71 112 112 102 98 79 75 57 59 53 43 34 28 21 2 0 0 0 0 0 0 0 0 7 8 7 1 2 0 0 7 144 188 189 189 187 176 171 192 194 190 193 188 195 199 201 208 209 208 207 211 212 215 214 215 218 221 222 222 214 200 205 213 217 211 212 210 209 207 204 200 193 192 189 188 177 100 27 0 0 0 0 0 0 2 1 0 0 2 2 1 0 0 8 24 41 46 49 77 91 95 96 109 125 129 131 115 119 107 117 123 129 121 117 117 103 106 85 91 98 108 120 134
22 37 29 41 48 59 81 84 97 121 102 92 51 46 55 53 54 43 31 20 6 0 0 0 0 0 0 0 1 2 4 3 1 2 0 6 162 184 193 195 186 172 177 195 194 193 192 189 195 198 198 206 209 205 208 208 210 210 211 218 221 220 221 221 214 211 209 212 214 211 212 211 209 208 202 199 194 194 188 187 171 73 15 0 0 0 0 0 0 0 0 0 2 1 1 3 0 1 6 23 42 48 47 68 86 107 96 104 107 119 121 117 123 109 111 119 130 131 129 117 113 88 83 80 103 97 119 135
32 71 58 52 43 42 44 41 45 51 56 61 66 56 54 41 47 43 37 28 14 3 0 0 0 0 0 0 0 0 1 3 0 0 0 36 168 188 194 198 189 172 177 199 193 196 199 190 194 196 198 206 207 210 208 209 211 211 210 212 215 211 213 207 201 206 208 214 214 212 212 207 210 210 206 201 195 193 192 189 157 52 4 0 0 3 1 2 0 0 0 1 0 1 0 1 3 2 9 19 33 52 49 74 85 108 105 122 116 100 109 115 115 116 113 125 129 121 128 124 99 88 81 83 99 104 123 128
49 98 97 103 83 68 75 73 54 45 37 37 24 33 26 31 40 40 39 30 20 5 1 0 0 0 0 0 0 0 0 0 0 0 0 49 177 189 188 196 188 170 180 192 188 193 196 195 198 199 206 204 206 209 209 212 214 214 210 209 213 207 207 205 201 199 204 209 210 210 212 208 212 207 204 204 198 194 194 182 126 36 2 0 0 0 0 0 0 1 0 0 0 0 0 0 1 1 5 11 29 46 61 57 79 99 97 111 123 116 117 100 116 110 124 113 129 133 139 122 103 92 80 81 87 99 107 118
62 126 119 117 104 96 98 88 84 79 70 59 56 36 30 20 10 18 23 28 18 7 5 0 0 0 0 0 0 0 0 0 0 0 0 80 187 188 189 189 189 166 177 192 189 195 195 196 199 197 204 201 208 209 207 212 210 213 212 214 213 207 205 202 199 202 202 211 210 211 209 210 213 210 209 206 200 198 193 183 103 27 0 0 0 0 1 0 0 0 1 0 0 1 2 4 4 0 5 5 26 49 59 49 77 92 100 111 122 115 117 106 110 111 117 113 119 130 139 122 106 93 86 91 91 99 112 116
66 116 116 109 105 92 98 88 94 88 87 83 79 66 60 37 32 42 15 14 6 8 0 0 0 0 0 0 0 0 0 0 0 0 0 125 188 193 194 195 192 162 187 195 194 198 197 198 200 201 205 200 206 205 206 209 209 212 210 212 211 210 208 204 200 197 200 206 211 212 211 212 211 207 210 204 198 198 192 170 68 11 0 0 0 0 0 0 0 1 1 0 2 1 2 0 2 0 3 9 31 46 56 64 68 81 105 109 122 110 116 108 115 117 118 118 118 135 126 112 106 90 83 80 95 94 108 116
54 104 91 80 75 73 82 73 67 62 69 65 65 59 49 47 43 44 37 28 17 15 19 20 24 24 24 29 30 31 37 31 24 15 18 147 181 189 193 193 186 159 186 192 196 197 195 195 198 202 207 201 207 207 209 209 209 212 211 211 213 212 214 205 200 199 205 208 209 212 212 211 210 210 207 204 198 196 192 147 45 2 0 0 0 0 0 0 0 0 1 2 3 1 0 4 2 4 1 16 35 53 60 56 66 83 92 111 121 124 105 99 106 118 123 117 125 128 118 118 94 88 85 81 82 87 108 116
43 103 94 94 84 84 86 90 86 83 82 69 73 79 71 68 64 67 69 66 75 72 71 68 67 57 54 61 58 53 52 42 39 33 57 168 183 195 190 189 182 166 184 190 196 195 193 196 200 201 202 202 205 206 205 211 211 212 210 214 211 209 206 207 204 204 206 209 208 215 213 213 208 204 208 202 201 199 185 108 28 2 0 0 0 0 1 3 2 0 0 2 0 3 4 0 4 5 6 8 31 52 57 59 73 77 87 99 104 119 111 99 97 107 128 125 126 129 118 108 85 93 83 79 83 88 104 105
65 120 121 113 106 117 109 103 100 94 93 86 91 77 79 78 81 70 73 67 75 77 75 61 68 64 58 60 62 59 58 49 51 43 84 171 190 195 194 192 181 166 185 186 187 197 193 193 196 201 201 204 204 205 207 206 210 213 211 211 213 211 206 202 204 206 208 213 211 219 213 211 209 211 211 208 202 198 173 70 17 0 2 0 0 0 1 0 0 0 0 2 1 2 4 0 1 5 3 9 22 44 56 49 73 69 78 90 99 98 104 100 92 109 117 119 126 131 116 108 87 81 86 88 88 80 105 103
75 149 147 145 144 139 130 119 124 111 105 98 100 91 90 85 77 75 73 66 75 78 78 74 68 69 54 61 55 60 49 49 41 40 104 174 194 193 193 188 163 167 186 187 190 193 192 197 197 200 199 201 206 205 208 210 210 213 210 213 212 210 208 208 204 204 212 211 210 215 211 212 210 209 210 200 197 194 136 48 2 0 3 0 0 0 0 1 0 0 0 1 1 0 3 3 0 1 2 6 14 39 48 49 64 72 86 79 91 97 94 96 83 95 102 122 125 118 106 100 86 81 85 106 95 87 97 107
87 174 174 166 164 160 160 151 147 130 130 117 111 100 98 95 87 92 83 74 71 68 74 72 70 65 61 65 58 60 56 52 43 48 130 179 195 192 193 182 160 170 192 187 190 195 197 193 193 197 198 208 207 209 212 211 210 210 208 212 207 211 208 207 205 206 210 213 213 217 212 213 209 208 207 199 192 187 108 28 0 1 2 0 0 2 0 0 0 0 1 0 0 2 5 6 4 9 5 4 16 34 51 47 56 71 87 79 90 94 85 87 84 95 106 106 122 124 117 104 79 78 90 102 128 96 98 113
92 185 184 179 177 176 170 164 162 141 139 132 128 109 109 107 91 95 92 94 81 78 78 67 71 69 61 65 59 56 57 51 44 49 153 185 192 195 189 176 160 173 189 186 188 192 195 197 196 200 200 205 205 206 212 212 212 214 212 213 210 209 208 205 207 208 213 213 215 219 214 213 212 211 209 202 196 174 78 17 0 0 3 0 0 0 0 0 0 0 2 2 2 0 3 1 5 5 5 8 10 29 40 51 48 71 74 78 92 85 83 91 95 98 102 113 129 129 122 110 92 93 95 111 102 108 113 123
98 195 196 195 192 185 182 179 169 166 156 156 148 141 134 130 110 106 102 97 85 83 78 79 69 74 68 67 68 70 70 58 52 74 160 181 190 194 188 167 159 179 184 187 190 190 199 198 196 201 204 205 208 209 210 208 212 212 210 213 210 210 206 205 207 210 214 212 215 215 207 214 212 212 209 204 195 160 55 2 0 0 0 0 0 0 0 0 0 0 0 1 2 4 1 2 8 2 9 6 14 16 40 52 39 58 78 68 83 86 87 95 95 102 100 112 120 132 131 121 103 93 97 113 106 118 122 131
99 204 201 197 197 199 189 183 184 180 170 171 162 154 148 137 128 118 115 108 96 94 83 85 73 64 68 71 64 67 67 58 46 92 168 186 189 194 188 162 170 179 186 183 186 193 193 197 202 200 206 208 208 212 217 211 212 214 212 210 208 212 208 206 211 212 215 214 215 218 214 217 213 212 209 204 195 125 30 0 0 0 0 0 0 0 0 0 0 2 0 2 2 2 6 7 8 6 9 10 6 16 30 51 45 65 72 73 82 92 86 92 90 100 109 111 117 128 130 123 107 94 91 100 117 123 120 121
103 208 209 206 206 199 205 196 193 182 176 177 170 169 161 150 141 125 121 123 106 109 94 84 77 73 77 67 64 58 62 57 51 119 173 181 192 188 177 153 170 184 192 185 187 189 192 193 201 204 205 212 211 211 215 214 211 213 214 213 211 212 209 210 212 211 218 215 218 217 215 215 217 215 207 202 188 97 7 0 0 0 0 0 0 0 0 0 0 0 0 4 1 4 11 10 6 3 5 0 4 13 26 45 42 57 75 84 91 95 87 87 87 95 96 109 117 119 129 113 104 90 92 102 100 110 110 126
104 213 207 208 208 205 204 199 196 194 186 184 179 174 166 160 153 147 136 130 117 108 98 88 88 77 67 69 70 64 61 57 49 136 173 176 185 184 164 156 171 189 192 184 188 186 188 192 198 204 207 209 209 210 211 211 211 214 213 213 212 213 211 212 213 218 219 218 218 217 215 218 217 214 209 200 177 54 1 0 0 0 0 0 1 0 0 0 0 0 1 0 3 2 5 4 7 8 10 5 9 7 27 43 35 54 70 81 98 93 92 85 85 91 105 105 122 125 126 111 118 98 91 95 110 120 126 125
108 217 213 212 210 211 208 206 200 196 195 189 180 182 176 167 161 160 148 148 143 132 115 105 90 71 73 58 58 49 53 52 58 156 162 169 183 179 160 158 171 185 186 183 186 186 188 195 197 200 205 208 208 212 214 210 211 212 213 212 210 212 209 214 214 217 218 215 219 218 218 218 213 213 207 198 161 27 1 0 0 0 0 0 0 0 0 0 0 0 4 4 1 3 5 8 3 6 10 14 15 14 19 37 43 47 59 78 92 90 94 90 82 91 99 110 115 130 128 112 107 112 96 93 100 126 130 126
108 219 215 218 213 211 210 208 205 196 193 188 187 183 179 174 170 164 159 159 155 142 118 109 88 82 74 57 55 57 47 45 84 163 170 177 179 176 158 159 176 186 184 182 187 185 188 195 197 200 204 210 209 214 211 212 215 213 211 211 207 206 211 217 214 218 219 217 219 219 217 214 215 212 205 193 131 7 0 0 0 0 0 0 0 0 0 2 0 0 1 5 1 7 8 5 5 2 7 17 11 10 19 26 34 51 57 66 84 86 87 86 86 96 99 105 116 124 124 117 107 88 91 108 108 119 125 135
107 219 212 212 214 212 211 205 210 202 198 192 192 186 184 182 171 166 161 159 157 145 120 105 99 85 71 68 61 54 40 39 115 161 167 180 183 179 155 162 179 186 186 185 183 184 190 195 196 205 205 211 209 211 212 211 215 213 214 212 210 211 211 214 217 219 221 218 219 219 217 214 210 213 204 194 85 0 0 0 0 5 0 1 0 0 2 4 1 1 3 6 9 4 6 6 6 4 6 7 11 19 20 24 32 44 48 52 84 87 92 88 82 90 98 100 109 118 132 118 111 91 85 95 108 112 123 128
108 215 215 217 212 213 212 212 209 211 205 194 190 193 184 183 175 168 160 157 153 149 124 117 107 87 70 64 66 61 55 49 141 158 169 176 179 170 156 170 179 189 182 182 183 183 188 192 197 205 207 213 211 211 212 211 215 212 213 210 213 212 214 215 215 218 218 221 219 215 217 214 208 213 204 185 43 2 0 0 0 0 0 0 0 0 0 2 0 3 2 5 4 4 8 2 14 8 14 9 7 15 13 23 24 36 45 57 65 78 82 77 80 93 99 104 106 118 130 133 118 96 93 88 107 118 122 134
107 218 218 215 214 213 212 212 212 209 204 200 196 196 193 184 179 175 174 162 161 156 142 121 120 104 86 77 70 54 49 69 147 166 174 174 172 158 161 169 182 187 182 180 177 184 189 192 195 202 208 209 212 214 215 215 215 214 213 210 212 213 214 217 219 221 219 218 220 218 219 218 217 212 202 156 16 1 0 0 0 0 0 0 0 0 0 1 0 6 6 5 3 5 6 6 10 7 11 7 6 8 13 11 21 39 46 44 61 70 77 73 75 87 106 105 100 122 123 135 120 96 84 86 96 112 124 118
108 218 219 217 214 214 212 213 214 210 210 206 202 199 197 192 184 180 174 168 159 153 142 125 121 104 98 79 62 54 54 86 153 170 173 175 171 154 159 180 188 189 184 182 188 186 188 193 197 202 207 211 211 214 213 218 217 213 215 210 211 211 215 217 215 220 219 219 220 217 218 217 217 208 200 97 5 0 0 0 0 1 0 0 6 0 4 0 3 0 1 8 5 7 4 11 10 10 9 6 9 16 10 15 27 28 40 46 60 65 65 71 75 79 87 93 106 115 122 137 121 96 84 92 95 105 122 119
110 218 218 218 217 217 212 213 214 212 210 209 209 198 193 193 186 181 179 171 163 154 142 134 116 109 91 74 62 60 51 110 154 166 169 172 171 153 166 179 186 190 181 186 184 187 193 189 194 202 208 211 211 214 215 215 215 214 213 209 211 214 213 217 215 220 218 220 220 214 217 219 219 209 192 49 3 0 0 0 0 0 0 0 7 2 2 0 4 3 1 8 5 8 4 6 6 9 8 7 10 18 13 13 13 22 34 47 54 62 71 58 68 70 88 95 103 120 122 123 124 107 93 92 91 100 113 115
109 221 222 219 219 219 214 212 213 211 213 210 212 206 199 194 189 187 179 174 166 161 147 139 118 99 92 74 58 53 54 125 154 166 169 164 163 149 167 182 186 182 185 184 184 187 188 195 196 200 206 210 212 214 215 217 212 213 215 208 212 214 213 218 215 220 219 219 220 217 218 217 215 206 158 11 0 0 0 0 0 0 2 0 2 1 3 2 2 0 4 1 4 1 3 7 10 11 5 4 7 7 9 18 17 29 29 46 44 58 59 55 59 77 95 96 92 106 123 121 112 106 94 82 95 97 109 112
111 220 223 219 218 218 218 215 214 214 215 215 215 210 204 200 190 188 183 174 169 158 144 143 120 96 85 69 60 51 65 131 158 166 170 160 156 148 166 181 186 180 184 183 180 184 188 189 200 201 202 207 211 214 215 217 214 215 212 211 213 214 213 218 218 219 218 218 218 220 218 218 214 201 102 5 0 0 0 0 0 0 0 1 4 4 5 1 4 4 3 3 2 2 10 6 6 7 4 4 5 8 7 14 7 16 30 33 45 58 67 56 66 70 80 91 96 105 106 128 119 106 87 85 94 87 107 111
110 222 222 220 223 225 230 232 224 224 224 221 220 211 204 197 196 188 183 175 168 159 155 144 125 95 74 77 56 39 75 146 163 170 167 164 157 149 171 181 190 177 176 185 182 185 190 189 198 200 209 209 209 212 213 213 217 218 215 213 211 210 217 214 215 219 218 220 220 222 220 219 212 195 49 3 0 0 0 0 0 0 0 0 0 1 3 0 1 1 1 4 7 6 6 5 6 7 3 5 11 8 9 8 7 14 16 34 46 37 49 51 67 74 79 94 93 103 102 113 113 103 97 90 79 77 92 109
115 227 232 231 233 238 236 240 236 237 230 230 222 211 208 197 192 190 185 174 167 154 141 122 107 103 73 64 46 32 92 146 157 163 161 162 154 151 173 182 184 172 175 181 182 189 188 193 199 205 211 209 211 213 212 214 215 215 217 215 213 211 217 218 219 220 222 222 222 219 221 218 207 161 9 0 0 0 5 0 0 0 0 0 4 0 4 1 2 3 4 4 3 8 4 4 6 14 3 7 9 10 11 9 10 13 20 34 49 54 54 48 61 66 74 91 92 100 107 107 113 103 92 86 84 84 92 88
118 241 243 244 241 244 239 240 237 236 235 233 221 210 212 201 195 190 175 176 164 145 125 119 100 80 61 64 36 27 107 143 147 162 148 156 142 150 175 176 172 174 180 179 182 187 187 192 200 206 208 209 212 214 214 217 214 217 215 213 213 214 215 215 219 222 223 223 220 221 220 212 205 103 4 0 0 0 0 0 0 1 0 0 1 3 5 4 1 5 2 7 3 9 5 5 7 7 9 10 3 14 8 8 5 10 22 18 36 47 46 51 58 64 71 85 103 105 99 113 109 104 99 86 78 72 85 85
120 244 244 244 245 244 244 245 244 243 236 233 223 211 210 198 193 185 173 169 160 139 113 105 86 71 58 49 31 37 115 132 144 148 147 148 145 156 168 176 170 172 174 175 181 180 184 188 198 205 207 211 212 214 215 219 217 215 214 217 214 215 219 218 220 223 224 223 222 219 218 210 188 24 0 0 0 0 1 0 0 0 0 0 0 0 0 4 2 0 0 0 2 5 7 2 0 2 7 10 5 5 6 7 10 6 11 14 32 47 37 51 60 55 72 79 86 97 109 124 112 110 96 90 84 78 81 92
119 241 243 245 245 245 244 244 245 243 239 233 223 213 211 202 194 185 170 170 160 130 104 91 79 62 45 36 21 40 109 121 141 149 149 144 143 156 171 172 168 161 172 174 174 182 180 186 197 202 206 211 211 212 212 217 217 218 214 215 218 218 220 220 223 223 223 222 222 220 217 205 134 10 0 0 0 0 0 1 1 2 1 2 0 2 1 2 6 2 0 5 3 7 1 4 2 8 1 6 1 6 4 10 4 5 15 13 14 31 45 58 49 56 61 67 88 103 110 117 121 122 97 88 83 66 78 83
118 236 238 240 241 244 243 244 244 241 241 233 222 214 206 198 192 183 173 163 141 104 92 80 62 57 37 27 17 26 81 104 128 136 133 134 132 146 164 168 166 159 167 172 173 181 179 186 197 205 211 207 211 212 212 217 212 215 214 217 215 215 220 221 222 221 220 221 221 222 211 194 56 0 2 0 0 0 0 0 0 2 0 0 0 1 2 3 3 7 2 5 3 4 4 2 4 6 5 9 4 8 7 7 9 3 14 6 15 23 35 43 52 60 60 66 84 95 107 119 129 116 92 84 73 71 67 67
117 233 238 237 237 237 239 239 240 238 235 232 222 209 204 189 188 177 169 144 124 103 92 67 56 40 24 11 0 22 70 82 117 119 120 107 115 144 161 158 158 153 156 162 163 179 175 186 198 202 209 210 210 212 213 213 212 214 215 218 218 218 221 220 221 223 221 221 221 217 208 161 9 0 0 0 0 0 0 0 0 1 1 0 1 1 2 0 1 3 0 3 3 7 3 4 4 4 2 5 8 7 8 6 5 7 6 3 10 15 27 42 52 54 66 67 87 96 104 109 123 122 94 87 74 70 60 69
115 231 234 234 232 230 228 230 228 230 227 224 215 210 200 192 188 176 159 133 110 87 75 64 35 27 14 3 0 15 53 65 98 102 107 88 94 121 145 147 142 149 154 155 161 169 175 185 192 199 207 207 208 213 213 210 208 213 213 213 214 218 221 218 221 220 221 221 220 211 197 74 0 0 0 0 0 0 0 0 0 0 0 0 0 0 1 0 3 0 1 4 1 3 5 5 2 1 2 4 2 4 3 4 1 9 5 5 10 9 19 27 34 56 56 64 86 92 109 121 123 117 104 82 73 77 70 72
111 227 228 230 228 224 227 225 220 223 218 215 211 208 199 189 181 166 143 113 85 72 56 39 29 17 5 0 0 7 52 52 62 70 70 69 66 93 125 132 122 136 143 146 156 162 168 179 186 192 202 204 209 207 208 209 210 208 209 212 214 213 221 220 221 220 220 220 214 206 158 15 0 0 0 1 0 0 0 0 0 0 0 0 0 0 2 1 5 0 0 2 0 1 0 2 2 4 4 3 2 5 4 2 4 8 5 4 7 15 16 27 31 35 39 48 82 93 98 112 113 112 103 91 78 71 67 73
112 224 223 224 226 223 223 220 220 215 211 212 209 205 197 185 170 155 124 94 70 52 33 29 15 9 7 6 6 20 48 70 87 95 115 88 81 74 107 108 100 107 125 120 133 150 158 166 179 188 193 197 205 201 205 205 201 206 205 210 214 217 219 218 220 217 215 213 208 196 72 0 0 0 0 0 0 0 3 0 0 0 0 0 0 0 0 0 0 0 0 0 0 2 0 4 1 0 0 1 1 1 1 7 1 7 4 3 4 5 11 13 27 42 35 47 61 79 98 106 111 115 102 85 72 65 71 57
111 225 223 225 224 220 220 219 218 214 213 209 201 199 185 171 157 130 108 119 131 141 154 166 183 193 197 198 200 206 208 213 219 220 217 222 218 217 213 213 210 205 190 175 168 160 150 154 158 171 185 188 193 195 193 196 198 198 204 209 210 213 217 214 215 214 214 211 197 143 6 0 0 0 0 0 0 0 0 0 0 0 0 0 2 0 0 0 0 0 0 0 2 0 1 0 4 1 1 3 2 5 0 4 3 5 7 9 3 4 9 15 21 29 33 45 55 62 84 96 105 99 113 95 71 67 58 65
111 226 224 226 222 220 220 219 217 210 208 206 196 186 168 163 171 186 205 208 210 211 212 213 213 213 211 211 212 211 213 213 217 218 217 219 217 221 218 215 217 219 217 218 218 220 220 215 209 204 196 195 189 187 183 183 188 194 194 201 205 209 212 212 211 211 209 197 170 42 0 0 0 0 0 0 0 0 2 0 0 0 0 0 0 0 0 0 0 0 0 0 0 0 0 1 0 2 0 1 0 3 2 5 0 5 5 3 9 1 2 6 17 15 30 30 34 51 75 85 98 100 106 84 71 56 56 53
110 226 224 225 222 219 217 215 217 211 205 200 194 197 206 208 209 213 214 214 219 217 217 215 214 215 213 217 218 214 215 215 214 217 219 222 219 221 220 217 218 218 221 219 219 220 220 218 215 217 218 224 220 214 207 197 187 185 186 192 193 199 202 204 204 199 194 171 85 4 0 0 0 0 0 0 0 0 0 0 0 0 0 0 0 0 0 0 0 0 0 0 0 0 0 0 0 0 0 1 1 0 1 5 0 1 3 2 13 7 6 0 8 13 21 26 36 39 55 77 85 94 99 84 62 49 55 49
110 223 220 222 222 215 217 213 213 205 200 207 213 212 212 215 215 215 218 217 221 222 221 215 217 218 215 215 218 217 218 217 214 217 218 220 220 225 220 220 219 222 222 220 219 219 218 219 217 220 221 221 221 220 220 219 221 218 214 211 209 204 201 200 197 188 181 134 29 10 9 10 15 7 9 7 1 0 0 0 0 0 0 0 1 0 0 0 0 0 0 0 0 0 0 0 0 0 1 0 0 3 2 4 1 1 7 6 11 16 15 3 5 6 8 11 26 26 36 55 67 79 82 66 54 40 41 37
109 222 221 224 219 217 211 207 205 207 212 212 214 215 213 217 218 219 219 217 221 219 219 219 221 221 218 218 219 219 218 218 220 219 221 220 222 222 220 221 221 221 221 222 223 221 221 220 218 223 221 222 221 221 221 220 220 220 219 220 215 220 217 215 220 218 215 211 207 197 193 196 195 195 189 185 173 161 136 112 98 79 52 22 5 1 0 0 0 0 0 0 0 0 0 0 0 0 0 0 0 1 1 6 3 1 0 11 2 13 11 14 7 6 0 7 13 24 35 37 44 55 56 48 43 24 30 30
108 218 215 220 215 211 208 206 210 209 214 217 220 220 218 219 220 223 223 221 221 221 220 220 221 221 221 220 220 221 220 220 221 220 219 219 220 221 219 221 219 220 219 218 222 219 219 219 220 220 221 221 221 220 219 219 222 220 222 222 219 220 221 219 218 214 215 214 212 210 211 209 208 210 209 210 208 209 210 209 210 208 209 201 183 145 104 64 24 4 0 0 0 0 0 0 0 0 0 0 0 0 0 0 2 1 0 2 4 3 2 9 16 4 0 7 5 16 22 26 31 33 33 29 28 20 14 23
106 214 215 214 212 207 199 212 215 214 221 222 222 223 221 225 225 224 222 222 225 223 224 224 223 224 224 224 221 223 222 220 222 221 221 219 220 223 220 222 219 219 220 220 221 221 224 221 222 222 220 226 220 222 220 218 221 218 222 221 221 221 220 220 219 219 219 214 218 212 213 212 217 213 213 218 214 213 214 213 217 214 217 215 210 212 209 209 200 171 121 68 10 2 0 0 0 0 0 0 0 0 0 0 1 1 2 1 1 0 1 2 5 1 3 6 1 9 7 14 26 26 22 23 21 16 11 23
103 209 210 206 196 192 198 210 219 222 223 223 222 225 227 226 226 227 225 224 224 225 224 223 223 224 223 222 222 223 221 221 220 220 222 222 221 221 220 222 221 222 223 221 222 222 223 223 222 224 223 223 221 220 221 221 219 219 221 219 219 220 218 220 219 221 219 217 220 217 220 219 218 222 219 217 215 218 220 217 219 220 219 218 217 218 218 217 214 214 212 207 195 147 83 29 5 0 0 0 0 0 0 0 0 0 0 0 1 0 0 3 3 0 1 3 0 2 1 1 5 7 14 16 16 9 0 8
97 202 196 196 186 184 205 219 219 221 222 221 225 224 225 226 224 227 225 226 226 224 227 224 223 225 225 223 220 222 220 221 220 220 222 221 221 224 221 222 222 226 222 223 225 223 225 224 224 224 224 224 221 221 221 218 221 221 220 219 220 221 222 222 222 221 220 220 220 220 222 219 218 219 219 221 215 220 221 220 220 218 220 217 218 219 219 219 215 217 215 212 213 211 208 197 164 115 85 40 11 4 0 0 0 0 1 0 0 1 0 0 0 0 1 3 0 0 0 1 2 10 10 15 8 3 2 3
99 198 194 192 176 182 214 217 219 222 224 221 225 225 226 226 226 230 226 225 228 226 225 222 226 224 222 223 220 221 222 220 220 221 223 223 224 220 221 222 222 223 221 224 225 223 225 223 224 223 222 223 221 223 221 222 223 220 223 222 221 222 223 222 222 223 222 221 221 221 223 221 222 223 221 222 218 222 221 220 223 221 220 220 219 221 218 220 220 220 217 215 218 217 214 211 211 207 202 202 185 144 88 32 5 0 0 0 0 0 1 0 2 1 6 0 0 0 0 0 0 2 2 2 7 4 2 1
91 187 187 176 148 171 215 219 221 222 223 224 226 226 226 228 227 230 227 228 230 227 227 227 228 224 224 222 222 222 221 223 221 222 222 221 224 220 222 226 222 224 220 221 224 223 224 223 224 223 220 224 223 224 221 224 224 220 222 222 222 221 222 222 220 221 220 222 222 222 222 222 223 223 222 224 221 221 223 221 220 223 224 223 224 224 222 222 219 223 219 218 219 220 215 217 217 214 211 210 207 207 208 201 156 82 21 5 0 0 0 0 0 1 0 0 0 4 1 1 1 0 0 1 1 5 0 0
84 163 156 138 109 162 219 221 220 224 222 227 228 228 228 228 227 227 227 231 230 228 228 225 227 225 224 223 222 222 221 225 222 222 222 221 224 221 223 224 223 224 224 226 225 224 225 225 221 224 225 223 224 225 222 223 222 221 223 221 223 223 223 221 220 223 220 222 224 222 222 222 225 223 221 221 222 225 223 222 222 222 223 222 224 222 222 223 222 224 221 221 221 219 219 218 221 219 218 219 215 215 212 213 211 210 195 124 56 10 0 0 0 0 0 1 4 2 4 0 1 0 0 0 2 3 1 2
60 124 100 85 75 174 221 225 222 225 224 227 228 231 230 227 231 230 230 230 226 228 227 226 227 226 226 224 226 224 223 225 223 224 223 222 224 224 224 226 226 225 224 227 226 225 226 225 225 225 224 225 228 225 224 227 226 224 225 222 224 221 225 225 224 224 223 224 224 223 222 224 222 223 223 222 221 222 220 225 223 225 224 223 223 223 226 225 223 223 223 220 222 222 221 222 226 221 220 220 219 219 219 217 215 217 217 211 209 167 95 33 5 0 0 0 2 3 5 2 1 4 0 0 0 0 2 3
41 74 65 46 59 187 219 226 224 227 227 228 231 230 231 232 233 230 230 233 231 228 228 231 228 227 227 227 226 224 224 226 224 224 225 225 230 224 226 225 224 226 227 228 226 226 225 224 225 223 225 225 225 223 224 224 223 227 224 223 224 222 225 222 226 226 223 226 224 221 224 222 224 226 222 223 222 224 225 225 225 225 228 226 227 223 226 226 226 226 224 224 223 224 224 223 224 223 222 223 222 221 220 218 221 220 221 218 218 212 211 194 146 74 22 3 3 4 1 5 0 3 1 1 0 1 1 1
21 49 37 22 73 193 219 227 224 228 228 231 231 231 232 234 234 234 235 234 233 235 232 232 231 228 227 226 228 225 226 227 223 225 225 225 227 224 226 222 224 225 224 228 227 226 224 226 225 224 222 222 227 224 224 224 224 221 225 223 222 223 227 224 225 226 225 226 223 225 223 220 221 221 222 221 222 226 225 227 228 228 232 231 231 226 228 224 224 225 225 226 225 227 224 224 226 223 224 225 224 225 222 224 225 223 224 222 223 220 219 217 214 212 182 93 20 7 8 10 6 8 16 20 14 11 14 17
19 41 35 39 177 188 212 225 226 227 228 233 232 231 232 232 233 233 233 233 233 234 231 233 231 228 228 227 228 227 228 227 224 225 226 225 226 226 227 224 225 225 226 225 227 228 227 227 228 228 223 222 226 225 224 226 225 226 224 224 224 224 223 224 230 227 225 226 224 223 225 223 223 221 223 223 226 226 226 232 231 233 232 233 231 230 233 232 228 232 231 231 230 232 228 232 231 227 228 226 226 227 226 225 225 228 226 223 225 223 225 222 221 220 217 210 139 36 15 15 17 26 24 36 29 30 35 39
5 11 16 104 207 188 198 219 225 228 227 231 230 230 230 231 233 232 233 233 233 233 228 231 232 231 228 227 231 227 227 225 226 226 225 226 226 226 226 224 226 226 227 225 227 228 224 227 230 227 225 223 226 226 225 225 223 225 225 224 223 224 226 225 231 230 227 228 228 232 227 225 224 228 226 226 231 232 234 235 235 237 239 237 235 236 236 235 240 239 239 240 236 233 232 233 238 235 231 232 228 226 226 227 224 226 225 224 222 223 226 225 226 225 222 211 193 68 18 29 26 28 30 44 42 35 44 44
6 14 42 169 210 186 184 208 222 225 224 227 230 232 228 230 227 230 231 230 232 232 230 232 230 230 230 226 227 227 225 224 225 226 225 228 227 227 224 224 226 225 226 225 226 228 224 228 230 225 224 223 227 222 222 224 222 224 226 222 220 225 225 226 232 232 231 226 228 233 232 232 232 235 235 240 238 240 244 241 241 241 244 244 243 244 244 244 244 246 244 244 244 244 238 236 240 238 237 239 240 234 233 233 226 226 224 231 227 225 226 230 231 233 237 237 218 108 37 29 34 40 36 45 45 48 52 59
8 24 110 170 207 190 177 198 221 223 224 228 227 228 227 228 232 228 232 228 232 232 228 230 228 228 228 228 227 225 225 226 224 225 225 227 226 225 226 225 226 227 226 223 223 225 226 226 228 230 226 221 222 223 223 222 222 223 224 225 224 230 228 228 232 232 228 228 226 235 239 238 243 243 244 244 246 245 246 246 244 241 237 233 226 220 217 218 224 231 234 237 241 240 243 238 237 236 237 236 241 240 239 239 234 234 228 232 234 235 237 239 243 244 240 233 217 139 45 39 35 29 26 31 32 30 31 41
42 139 172 192 195 122 149 181 218 221 223 226 224 227 226 228 232 227 230 230 231 227 228 226 226 227 227 227 226 225 227 223 223 224 224 223 223 223 222 225 225 223 223 223 225 226 227 228 227 232 227 222 221 222 222 223 222 223 224 233 233 232 228 226 230 231 236 234 232 236 237 240 244 245 246 245 240 231 223 208 197 193 186 189 196 198 202 201 206 205 207 204 205 206 207 210 213 222 231 232 237 238 236 241 241 241 236 238 241 244 243 240 236 226 215 206 197 106 55 53 45 35 30 22 14 5 2 1
86 164 161 184 194 162 163 169 220 221 223 228 226 226 226 228 228 226 230 227 230 225 224 224 226 226 224 226 225 222 224 222 222 222 222 225 222 224 223 225 224 224 223 224 224 228 227 226 228 232 226 223 223 221 224 224 223 224 230 234 238 233 228 225 228 231 231 236 235 233 236 239 236 224 212 194 189 187 185 189 197 199 202 206 211 208 210 213 215 219 219 219 219 219 217 219 213 209 212 213 215 218 224 226 225 225 225 222 218 218 212 206 204 199 202 200 205 205 207 209 206 195 185 159 120 75 21 8
82 153 134 180 182 161 154 183 219 219 223 224 225 230 226 226 225 227 227 227 230 227 227 225 226 225 226 226 221 219 223 221 222 222 219 222 224 222 222 225 217 220 226 224 225 226 225 228 227 230 228 226 221 221 225 224 222 223 228 235 238 237 232 224 227 226 228 231 232 231 223 205 195 194 194 196 200 199 201 201 207 209 210 213 211 214 213 217 220 221 220 223 224 225 224 225 224 223 223 223 218 207 206 200 197 197 195 201 198 201 204 206 206 208 212 211 213 214 214 220 220 217 221 220 221 223 211 156
74 149 110 150 194 184 176 197 221 219 222 224 226 227 223 226 226 226 227 226 231 227 227 225 223 227 224 226 224 221 224 222 222 222 223 223 222 224 222 222 224 222 225 224 228 227 223 226 227 227 227 222 223 221 224 224 224 224 225 227 231 234 226 225 224 224 221 222 217 197 183 187 189 194 200 202 206 206 211 208 213 213 214 213 215 217 217 221 222 221 223 225 225 226 224 224 225 225 226 225 227 223 222 214 218 219 214 214 213 215 218 219 222 222 222 221 223 222 222 222 223 223 224 226 226 224 223 223
72 154 124 131 193 201 187 200 221 222 222 222 226 227 226 231 226 224 225 227 230 227 225 226 227 228 224 226 226 224 225 222 224 224 223 224 222 221 222 224 223 225 227 224 225 223 224 223 226 228 226 224 221 222 225 224 219 219 221 218 219 221 220 215 219 217 214 200 193 187 187 194 197 202 206 206 209 212 214 213 217 214 214 215 215 217 218 223 224 224 224 223 224 225 226 230 228 233 232 230 231 230 230 227 225 224 222 222 222 225 226 227 226 227 227 225 226 227 226 226 223 224 225 227 227 227 228 227
54 143 135 109 166 197 190 199 217 221 222 219 224 225 221 225 221 225 225 225 228 226 226 224 225 227 225 226 225 223 226 222 224 225 223 223 223 224 222 226 223 228 227 224 225 223 225 224 224 226 224 223 221 221 220 219 218 217 217 214 213 219 213 211 212 211 202 196 196 192 200 204 200 205 206 209 208 209 212 213 214 214 217 217 213 220 219 221 223 221 224 223 225 224 224 228 226 233 231 233 232 230 228 226 227 227 227 226 230 228 228 230 231 228 230 226 225 228 227 226 226 228 226 227 230 228 230 227
