P2
128 128
255
52 53 72 95 104 107 109 108 111 111 113 115 113 115 113 115 112 115 116 113 113 112 115 115 115 116 117 119 120 120 121 115 43 37 42 75 103 113 109 117 121 119 117 112 95 47 34 31 39 36 42 37 37 37 39 37 39 51 80 85 66 42 36 35 40 39 41 43 47 58 61 73 82 93 99 104 106 108 109 111 111 111 112 111 113 113 113 113 113 113 115 111 104 90 60 45 46 41 48 51 56 52 44 43 55 69 82 88 88 92 92 92 91 94 96 99 105 106 109 111 111 111 109 109 109 107 107 103
112 146 184 205 215 221 222 222 226 225 230 232 231 230 230 231 228 231 231 227 230 228 232 233 232 235 235 239 240 244 246 235 80 75 96 128 207 230 219 231 238 237 233 227 194 103 75 73 73 82 79 77 84 73 74 72 62 61 105 133 104 85 79 67 74 72 75 99 111 135 141 160 184 200 205 211 215 221 223 224 226 226 226 228 228 228 230 230 231 228 232 230 224 207 159 96 92 93 96 104 109 97 92 88 116 151 171 174 179 183 185 187 188 189 194 200 209 211 222 222 225 225 222 220 222 220 215 215
147 193 210 218 219 224 223 227 230 231 233 234 232 231 230 232 230 232 233 230 231 231 232 232 234 234 235 239 241 245 248 186 53 74 85 125 209 227 220 218 211 224 233 227 195 115 95 84 85 79 74 78 75 71 74 78 56 54 65 79 77 75 81 78 73 79 90 113 132 143 159 182 195 205 208 214 217 221 227 226 227 226 227 230 228 230 230 230 230 230 232 230 230 221 204 145 93 93 102 107 106 103 84 104 131 153 170 173 183 186 185 190 189 192 193 197 202 208 214 220 224 225 225 221 220 219 218 214
193 210 218 221 223 224 226 233 233 235 233 232 232 231 233 233 232 234 233 232 235 233 233 232 234 236 236 236 239 244 238 121 57 52 78 123 210 227 221 222 219 207 207 187 164 174 181 159 141 150 128 120 102 69 74 71 73 71 72 66 67 74 72 78 75 92 123 144 144 160 176 190 202 207 210 219 219 221 225 224 227 224 227 225 226 230 228 231 231 230 235 232 230 227 220 196 142 98 103 106 106 93 88 115 134 147 164 171 183 183 180 184 181 183 195 198 201 208 214 221 219 221 225 222 221 221 214 213
219 225 225 225 227 231 232 236 238 237 234 232 233 233 232 234 235 237 236 235 237 235 235 233 234 235 234 236 239 243 206 94 96 75 56 131 219 231 236 233 217 218 212 185 172 201 226 218 219 222 205 214 197 111 75 59 59 68 70 62 54 62 64 68 87 122 141 154 160 179 187 196 206 211 215 217 219 224 224 223 225 225 228 226 227 230 232 232 230 232 234 232 233 232 228 217 189 132 97 94 102 87 86 119 130 147 157 167 173 174 174 182 177 187 194 201 202 209 217 220 220 220 220 220 219 219 217 215
213 226 230 230 231 234 232 237 237 236 234 234 234 234 237 236 236 238 237 237 237 234 233 233 233 236 233 233 235 239 160 95 106 145 130 156 224 233 232 233 226 223 222 221 205 188 207 213 209 201 187 184 200 211 174 108 73 58 60 64 53 67 59 61 91 136 153 160 179 187 195 199 207 211 213 217 217 222 223 223 223 224 226 227 230 230 231 231 230 235 233 233 232 232 232 225 213 173 112 96 96 83 88 111 131 134 151 159 158 164 166 170 180 190 197 202 208 211 217 220 219 219 223 214 212 217 213 213
78 148 220 233 236 234 235 239 237 236 235 236 237 238 240 237 239 239 238 239 240 235 237 233 233 234 233 233 234 225 120 109 110 132 202 192 239 235 230 234 233 232 227 228 225 194 201 227 225 221 206 196 188 215 213 208 171 100 55 49 49 58 59 78 113 153 164 175 188 195 198 207 209 213 215 220 218 223 222 222 222 225 225 224 228 228 228 230 232 232 234 233 235 233 232 230 224 204 148 99 93 70 80 107 120 141 149 149 159 160 169 175 190 198 200 207 209 210 215 223 221 220 219 218 210 210 208 209
61 62 82 169 233 240 241 238 237 237 239 241 241 239 243 240 239 241 239 239 239 235 234 233 231 231 230 228 226 190 106 110 123 141 183 201 232 238 233 234 234 238 240 244 227 221 193 205 204 209 211 209 200 208 219 219 215 207 143 44 19 36 56 95 146 166 175 192 196 199 200 206 211 214 213 219 218 220 219 224 224 226 224 224 223 226 226 230 231 232 233 234 233 234 231 232 232 214 181 113 82 68 74 94 121 145 154 154 158 167 177 187 196 204 209 210 217 221 223 221 220 219 217 217 215 211 210 208
60 60 58 57 110 211 240 243 241 243 243 244 241 240 240 239 238 238 238 238 236 233 230 226 224 223 224 223 192 122 124 141 148 151 185 198 231 239 238 233 238 243 244 243 224 214 181 192 207 221 212 207 209 206 217 219 221 219 217 162 30 10 66 139 163 171 184 193 194 198 206 206 213 215 217 220 225 223 223 225 224 225 223 222 226 226 227 230 231 231 235 232 232 233 232 231 231 222 192 124 75 55 66 82 117 141 157 161 170 174 187 198 201 206 212 217 218 221 220 220 219 217 220 220 218 213 209 209
60 61 67 61 59 73 167 238 249 247 247 246 244 239 237 235 236 237 237 235 233 232 226 223 221 217 214 188 130 106 146 144 142 162 192 198 226 237 241 233 232 240 241 224 171 189 213 215 215 232 232 211 206 208 217 221 219 222 221 214 176 67 108 157 168 179 185 194 195 194 201 211 210 217 220 221 224 225 224 225 223 225 225 223 226 225 227 230 231 231 232 231 230 234 231 230 231 222 194 132 68 47 56 81 125 157 167 167 177 184 192 198 201 205 210 215 217 217 217 213 217 217 214 215 218 213 211 207
59 61 57 60 58 64 60 110 218 249 250 249 247 241 239 237 237 236 234 233 233 228 224 220 213 207 195 122 88 100 145 148 136 155 196 198 219 236 241 236 230 236 239 202 160 206 227 230 228 217 220 220 219 214 223 224 222 222 221 221 219 195 157 162 171 177 184 194 198 200 205 212 213 213 221 221 223 222 222 225 226 226 223 224 227 227 227 228 231 232 232 233 231 233 233 232 230 217 190 122 61 45 65 88 126 162 176 177 179 174 185 195 199 206 207 213 209 212 212 210 209 211 209 209 212 211 213 208
64 62 55 60 62 60 66 64 75 170 241 251 249 244 239 236 236 234 231 228 225 223 217 211 197 193 167 109 83 90 111 124 131 160 193 189 202 230 237 241 232 221 224 180 164 218 234 225 232 230 215 213 223 221 223 224 225 225 225 224 221 218 201 164 168 177 184 193 193 205 206 210 211 214 219 217 220 220 223 224 222 225 225 225 226 227 227 227 228 231 233 232 231 233 224 227 222 210 184 111 34 33 57 103 148 169 182 181 176 177 186 193 197 197 202 205 201 202 204 204 198 197 198 200 202 200 205 205
64 64 64 66 64 67 65 67 64 62 118 226 249 244 243 238 236 232 228 223 223 219 206 194 183 184 163 124 99 88 88 94 108 160 207 184 186 217 233 228 220 207 196 167 189 219 237 235 218 217 225 208 219 226 226 227 226 227 227 228 224 222 215 193 168 167 181 189 197 200 207 210 212 213 217 214 218 218 217 219 218 222 224 225 225 226 228 228 228 230 233 232 230 231 230 228 220 202 173 91 24 18 56 116 156 186 193 186 180 176 177 188 195 196 199 198 198 201 195 192 192 194 192 186 194 192 198 202
64 59 61 65 58 60 62 59 59 60 60 81 177 239 243 236 233 227 225 220 218 208 193 179 173 180 141 138 126 83 55 57 103 172 205 171 155 171 169 171 197 222 233 233 221 231 240 238 217 201 204 202 220 227 231 233 232 230 227 231 227 227 221 219 183 167 182 189 197 204 207 211 207 211 207 209 212 212 215 217 217 221 223 225 226 227 228 228 230 230 231 228 228 228 228 225 213 193 159 74 18 14 70 144 174 193 195 193 180 176 181 188 190 194 198 196 196 195 189 185 190 190 190 187 187 189 196 199
60 65 64 62 66 64 61 60 64 66 59 64 59 120 225 237 232 225 221 211 205 190 171 159 161 116 99 122 145 95 36 34 98 187 227 196 147 185 172 181 205 226 237 240 235 227 235 231 226 219 224 214 201 212 232 236 236 234 234 232 232 231 225 219 217 171 174 186 196 200 201 205 204 205 206 204 209 210 213 212 214 217 220 221 223 225 226 228 231 228 231 228 227 226 225 218 204 184 135 54 15 23 104 162 185 197 198 197 187 180 174 174 187 188 192 190 187 190 189 188 187 193 189 189 190 189 198 204
59 59 59 64 58 59 58 62 62 66 66 60 62 61 95 204 227 221 213 198 186 171 147 120 116 117 119 138 159 100 105 112 145 204 220 193 195 217 214 195 205 220 236 241 237 221 226 233 227 227 238 224 180 179 231 237 239 239 239 235 233 233 230 222 222 205 172 185 192 197 200 199 199 202 202 205 207 212 214 214 219 220 221 222 224 222 225 227 226 223 226 223 223 222 219 211 199 173 129 40 16 23 134 182 196 198 200 198 187 180 169 176 181 184 187 183 180 184 183 187 185 186 187 193 190 195 198 202
60 58 56 58 62 58 58 60 62 60 64 57 62 59 67 73 167 210 195 176 156 128 103 60 126 169 159 156 168 146 120 96 145 195 211 189 183 205 221 213 198 201 224 233 237 232 230 237 241 243 236 210 210 225 232 237 240 243 241 240 235 232 226 224 223 220 186 179 189 188 189 194 194 201 205 209 211 213 217 215 220 223 222 222 222 224 226 226 225 226 230 227 224 217 215 206 189 164 98 26 5 48 155 185 194 196 198 199 190 179 172 170 171 176 180 180 182 179 180 181 185 187 190 196 199 201 206 205
57 58 54 57 58 58 59 60 58 65 61 59 62 66 65 67 73 142 160 125 99 74 52 100 169 179 177 166 170 143 109 95 147 190 212 195 167 197 222 224 196 189 200 218 241 238 237 239 243 237 222 221 227 228 233 238 243 244 244 241 238 234 231 227 223 223 204 168 186 185 190 195 198 206 209 213 213 217 220 222 225 224 223 226 225 224 224 225 225 226 231 226 219 219 211 205 182 154 79 24 2 70 168 189 195 194 201 201 198 190 181 170 170 171 182 184 179 180 184 184 193 194 199 202 207 207 210 208
56 59 59 56 58 57 55 59 58 60 58 62 60 61 64 68 68 73 105 56 31 19 19 160 190 175 168 173 154 142 113 82 130 198 218 197 156 177 212 225 206 189 189 188 223 236 238 240 230 224 224 224 222 228 233 239 243 244 244 241 237 234 231 227 224 224 220 179 183 188 196 199 202 209 209 211 213 220 220 224 225 226 225 225 226 227 227 227 225 223 228 226 218 215 210 200 175 134 57 1 8 95 176 192 198 195 198 198 199 196 185 179 169 169 180 182 185 185 186 185 197 200 201 208 211 211 212 215
58 61 58 58 60 56 58 58 58 64 66 62 64 61 62 64 71 70 79 69 10 1 39 180 189 171 144 147 150 132 113 93 88 167 204 180 169 167 182 217 207 200 194 182 194 241 239 225 225 224 225 226 222 226 233 239 240 241 239 240 236 233 233 231 225 225 224 197 188 194 199 204 208 205 210 214 220 221 224 225 226 226 227 226 226 225 226 226 225 224 224 223 219 210 199 188 163 124 49 8 20 118 181 194 193 193 199 197 196 195 192 188 180 174 174 181 181 184 187 190 195 200 202 209 210 210 217 214
57 59 57 56 57 55 56 58 64 64 61 65 69 64 62 61 61 64 65 73 59 14 98 185 182 168 153 141 145 133 111 87 87 143 154 172 171 181 181 201 202 200 195 192 184 227 228 223 224 227 228 234 236 237 237 239 240 239 238 235 235 233 232 232 226 225 225 212 193 198 205 208 210 215 215 219 221 222 223 223 227 227 226 226 227 226 226 226 224 224 222 221 213 207 199 179 156 86 30 15 44 142 184 193 196 195 198 199 198 195 195 197 190 186 181 179 181 182 189 190 194 198 201 207 210 213 215 211
56 60 59 56 57 56 53 57 55 58 56 65 64 67 60 60 59 64 60 64 65 82 151 182 173 156 144 133 133 112 96 66 117 110 110 141 128 167 190 206 210 217 211 208 218 223 225 224 228 233 238 240 241 243 243 241 240 237 234 232 233 233 234 233 228 226 224 219 200 201 207 207 211 214 218 221 223 224 224 225 227 228 227 226 226 228 225 224 220 219 219 217 213 204 189 163 128 64 16 8 57 166 189 194 197 195 195 197 201 197 195 195 193 189 183 185 181 183 187 187 190 193 198 204 206 212 214 213
57 56 56 55 56 57 58 59 58 56 57 60 61 51 59 62 60 59 65 61 64 64 100 155 158 131 112 109 116 106 93 75 156 103 107 158 177 196 206 209 211 215 223 224 226 225 224 225 232 236 240 244 246 246 244 243 240 235 232 231 228 230 233 235 232 227 225 222 208 198 207 206 211 213 218 220 221 224 226 227 226 230 227 223 228 227 225 223 221 215 214 211 206 196 169 146 92 35 5 10 79 164 185 196 194 190 193 196 200 195 195 197 194 193 190 188 181 181 186 185 188 197 201 205 207 213 214 215
55 62 58 57 51 56 57 59 58 60 58 58 58 57 60 57 57 59 61 62 67 62 66 70 102 102 84 92 84 83 86 137 184 99 142 162 186 197 204 212 213 218 222 225 225 227 226 225 231 237 241 244 245 245 244 244 240 233 232 231 230 232 232 233 231 231 225 226 217 204 208 211 212 211 217 221 224 224 225 228 227 227 227 230 230 227 225 223 212 210 211 206 196 183 157 113 52 10 1 13 96 175 188 193 194 194 196 194 198 197 197 194 194 194 189 184 177 179 182 190 193 197 204 206 209 218 217 218
56 52 61 56 58 53 56 58 60 59 58 54 58 58 56 59 54 55 54 58 64 64 65 64 65 72 82 95 85 80 88 133 122 115 143 167 185 196 206 209 210 213 220 222 226 226 225 228 234 237 240 243 244 241 243 238 233 231 231 231 232 232 232 234 232 232 225 226 218 208 210 210 212 213 215 219 223 225 225 227 228 227 228 228 228 226 223 217 210 210 202 194 183 164 134 70 23 0 0 11 112 176 188 195 193 195 192 194 199 197 198 195 193 193 192 184 177 175 180 187 194 196 202 207 210 215 221 220
53 55 55 61 53 55 54 56 54 57 53 57 52 54 53 55 56 54 53 58 61 61 58 58 64 68 72 79 102 129 116 94 98 110 137 166 180 190 204 209 209 212 218 222 224 225 230 231 233 238 238 238 240 240 239 236 234 231 231 231 231 232 233 231 234 232 227 225 221 212 214 217 213 211 215 219 221 224 226 228 227 228 226 226 227 227 222 211 207 204 194 184 171 143 87 32 5 0 0 27 134 180 189 196 195 193 193 192 195 197 199 197 198 198 194 187 179 175 179 187 194 204 206 208 211 217 218 220
54 54 56 51 55 57 58 57 55 57 57 56 56 49 52 49 56 59 54 60 55 56 54 55 56 60 61 66 74 108 162 156 103 106 125 160 175 188 199 206 209 211 219 221 224 228 226 231 233 236 235 238 237 236 235 232 230 228 227 231 230 231 232 228 233 234 226 228 221 215 213 215 215 217 219 218 221 223 225 224 226 228 228 227 227 225 218 209 201 192 183 168 153 95 45 9 1 0 0 34 142 182 193 193 196 192 193 188 189 193 198 199 195 194 193 183 176 174 183 188 195 202 207 210 215 215 219 217
51 52 56 56 55 57 58 61 53 55 56 59 55 58 56 56 53 48 54 59 51 59 54 55 54 52 55 58 60 77 93 121 162 130 118 147 173 186 193 200 208 211 215 222 224 226 226 230 231 231 231 228 233 232 230 231 232 231 228 228 230 231 232 234 233 235 231 227 223 222 212 220 219 219 222 218 223 223 225 225 225 227 226 228 228 222 209 197 192 179 163 148 99 42 8 0 0 0 0 31 151 184 192 194 195 189 188 192 189 192 196 195 195 199 199 188 177 173 184 192 196 197 206 208 214 219 220 222
48 51 53 55 51 64 58 60 58 64 59 55 57 53 51 59 54 54 58 59 56 57 56 58 57 55 55 59 56 58 61 65 83 116 150 150 167 181 189 197 206 208 213 221 223 227 226 226 227 228 227 227 232 232 231 232 232 231 232 231 231 232 233 235 235 236 232 228 225 222 209 217 221 221 221 221 223 223 224 225 227 228 224 227 224 215 201 181 176 161 132 96 55 5 0 0 0 0 0 39 154 183 189 195 196 192 192 192 184 186 196 195 195 198 201 195 187 183 180 189 195 197 204 205 211 214 220 219
55 54 54 54 56 57 59 61 57 61 58 56 56 58 57 58 53 60 54 57 57 56 53 52 54 56 60 61 60 54 56 57 60 60 75 129 174 172 186 198 208 210 217 220 223 226 226 226 225 227 230 228 226 227 231 232 232 232 233 233 233 231 232 233 235 235 234 231 227 223 209 215 223 224 223 224 223 225 227 226 230 227 226 227 222 211 186 162 145 125 80 39 13 0 0 0 0 0 0 33 151 185 192 194 196 193 189 197 192 186 194 200 198 200 204 200 195 187 182 192 197 200 202 204 209 209 215 217
56 56 57 53 54 56 57 64 59 57 60 59 65 61 58 55 61 55 56 64 55 57 57 55 57 57 55 55 56 56 56 56 57 61 57 56 98 174 186 194 201 210 213 217 223 225 226 226 225 224 226 225 225 225 228 228 232 234 231 234 232 233 232 234 233 233 233 231 226 225 218 213 224 225 223 223 224 225 228 227 228 228 226 225 215 202 168 133 109 60 30 6 0 0 0 0 0 0 0 26 145 184 188 190 195 194 190 195 188 187 195 197 197 199 204 199 197 194 187 194 198 200 208 206 210 208 214 214
56 57 59 54 54 59 60 56 60 59 57 61 61 59 62 62 60 56 51 59 58 55 57 56 58 56 57 59 58 57 56 54 54 55 56 57 54 70 161 201 198 207 210 213 220 223 226 224 225 226 226 224 223 224 225 228 230 231 231 234 233 233 232 232 233 234 235 233 226 224 219 218 221 223 225 225 226 226 226 228 228 226 225 224 212 187 124 81 53 26 7 0 0 0 0 0 0 0 0 18 133 183 188 193 194 193 194 195 190 186 192 195 198 199 201 201 197 193 189 194 194 202 206 209 212 214 217 219
55 56 58 57 61 53 57 61 62 59 57 62 60 61 68 66 66 61 57 54 61 61 56 55 54 57 58 58 57 57 58 55 53 55 49 57 53 52 53 136 206 202 212 213 217 220 224 225 220 224 222 227 225 224 226 225 227 228 232 232 231 233 230 233 234 234 235 232 228 225 224 219 220 225 226 227 228 227 230 230 228 226 228 224 209 170 79 40 17 1 0 0 0 0 0 0 0 0 0 9 112 176 192 194 199 195 192 194 192 183 183 186 190 196 201 198 200 196 192 194 197 204 209 208 217 220 221 221
55 53 57 64 60 59 58 61 58 62 58 62 57 64 65 66 65 68 58 59 57 72 57 56 55 56 58 58 55 53 57 56 56 55 56 55 55 56 53 60 120 215 209 210 214 218 222 224 220 220 223 225 223 224 225 226 227 230 230 230 230 231 228 232 232 233 232 231 230 226 225 223 224 223 226 228 228 228 227 226 227 224 224 222 204 135 39 9 0 0 0 0 0 0 0 0 0 0 0 4 97 167 187 193 194 196 193 194 187 188 180 179 185 195 198 196 202 198 196 193 195 206 211 214 220 222 223 222
54 57 56 58 60 60 60 59 57 61 59 62 59 59 66 62 64 67 64 66 58 57 59 57 56 56 59 57 58 58 54 52 56 56 52 58 60 49 56 54 55 139 215 208 211 214 218 220 222 222 223 224 224 225 225 227 227 230 232 230 232 228 227 230 231 233 234 231 230 226 227 225 222 225 227 231 227 231 230 226 228 225 226 217 193 85 6 0 0 0 0 0 0 0 0 0 0 0 0 0 79 166 188 192 195 196 192 190 190 192 175 173 176 186 197 198 197 197 197 194 196 205 208 215 217 220 222 225
51 56 51 56 57 59 58 64 58 57 61 62 66 64 64 62 55 64 58 64 58 61 58 57 53 56 57 60 56 56 57 54 54 52 54 54 53 54 53 54 60 61 149 212 214 215 214 218 224 223 224 225 227 225 223 225 227 230 231 231 233 228 228 231 232 232 232 234 232 228 227 226 225 223 224 228 228 232 232 232 228 225 225 218 180 45 1 0 0 0 0 0 0 0 0 0 0 0 0 0 57 159 182 192 194 193 195 192 192 193 185 175 171 187 196 199 199 196 195 189 194 204 209 215 214 225 224 226
47 49 52 56 51 58 59 60 60 61 62 61 64 62 61 61 62 65 62 54 64 60 61 55 59 58 58 57 64 59 54 58 59 57 53 54 55 56 58 53 58 57 62 170 215 214 215 219 219 224 224 223 224 224 223 227 230 228 233 232 232 228 230 231 232 235 231 231 231 228 228 227 224 222 225 228 233 233 233 231 233 228 225 212 147 18 0 0 0 0 1 0 0 0 0 0 0 0 0 0 34 142 175 186 188 192 197 187 192 193 187 176 171 179 188 198 197 197 199 194 197 206 210 212 218 226 226 228
55 51 52 54 55 60 61 62 60 61 60 65 64 57 60 61 64 65 65 56 59 57 58 59 65 52 60 57 58 57 56 58 55 59 55 60 53 58 61 59 60 61 60 66 195 218 220 222 223 224 226 227 226 224 224 225 227 230 233 232 232 228 231 232 235 236 233 233 230 233 233 228 226 226 226 234 233 234 231 232 230 228 223 206 116 5 0 0 0 0 0 0 0 0 0 0 0 0 0 0 11 115 170 180 186 190 194 190 187 189 189 185 176 176 183 192 198 200 200 198 199 204 211 214 217 223 226 228
56 54 54 56 56 59 58 60 56 60 60 61 59 61 59 64 60 61 64 59 55 60 58 64 57 58 61 55 55 58 61 53 57 53 64 55 54 55 57 59 62 57 57 57 106 214 215 215 223 224 224 224 225 225 223 225 228 230 228 231 233 230 231 231 233 234 234 233 234 234 231 230 230 224 224 234 235 235 231 232 232 228 223 196 83 1 0 0 0 0 0 0 0 0 0 0 0 0 0 0 4 86 160 175 184 186 190 194 187 184 187 181 171 169 170 183 194 195 195 195 196 200 210 215 221 225 226 226
53 54 60 51 51 58 58 61 59 61 61 60 64 60 60 58 58 67 59 62 58 59 61 57 53 59 58 54 56 56 64 58 58 57 62 57 59 61 59 61 59 51 59 58 67 149 215 215 223 223 224 223 224 223 223 224 225 227 230 228 231 232 232 231 233 235 234 234 235 234 231 230 233 225 220 232 234 236 234 235 232 228 220 185 45 0 0 0 0 0 0 0 0 0 0 0 0 4 8 33 83 116 158 171 177 180 187 187 185 184 183 185 173 159 158 173 189 199 194 193 196 202 211 219 222 224 226 227
55 53 56 56 57 56 64 61 57 60 62 60 65 69 64 59 62 61 62 62 61 62 62 60 60 59 56 57 61 59 60 61 58 58 56 59 53 60 57 60 56 54 60 61 60 75 205 213 215 219 222 219 223 220 221 225 224 226 230 233 231 234 232 234 234 237 235 236 235 235 234 234 234 225 225 228 236 235 232 232 227 225 218 170 43 4 0 0 0 0 0 0 0 0 2 30 65 108 142 155 168 174 175 182 177 180 183 185 190 185 188 180 169 159 154 161 181 196 194 190 195 202 210 215 223 227 227 228
57 53 55 57 57 59 54 54 55 59 64 60 60 65 60 61 62 61 61 62 61 60 57 61 59 59 58 59 57 52 60 56 59 58 55 60 57 57 56 62 59 56 60 62 69 65 126 215 211 212 218 217 220 219 222 222 222 226 228 231 228 232 234 233 235 235 237 237 236 238 236 235 236 230 207 171 147 142 133 137 142 156 166 168 163 137 88 31 8 3 2 8 14 42 90 130 149 160 171 182 186 188 192 195 196 196 197 193 193 186 189 185 182 160 153 160 182 193 192 188 194 205 209 213 220 224 227 227
57 53 55 57 58 56 55 60 56 60 58 64 61 64 66 62 62 65 62 62 61 59 60 57 59 56 59 62 58 62 62 64 57 58 56 55 58 59 60 61 55 57 62 60 66 65 73 153 196 212 215 217 217 218 219 219 222 224 225 231 232 232 236 235 237 237 241 237 238 239 231 219 202 181 137 70 83 116 145 145 154 167 166 173 186 194 202 198 125 57 41 71 67 67 104 143 164 162 175 187 190 192 196 197 199 201 198 204 202 205 199 193 189 183 171 162 176 190 194 189 194 200 207 212 221 224 225 228
56 57 57 58 56 54 56 60 59 64 65 62 59 64 58 58 65 66 62 60 61 60 61 58 57 59 58 65 59 59 55 58 56 57 61 60 60 58 64 61 58 59 57 60 61 62 60 103 95 179 210 212 214 215 219 215 220 222 226 230 235 232 237 235 239 240 243 235 221 205 188 179 175 160 115 84 94 116 154 151 156 167 166 176 182 196 201 200 204 205 162 88 67 111 130 155 163 176 186 190 196 199 198 199 200 202 204 202 206 206 209 207 201 190 186 177 179 186 190 193 193 201 210 213 219 223 228 226
56 58 59 60 58 56 62 58 61 62 58 59 59 64 60 62 65 65 64 65 62 65 66 62 55 58 60 57 62 59 59 59 61 59 56 56 62 59 59 72 91 78 59 57 57 61 64 77 86 73 181 207 211 208 217 215 222 220 227 231 235 235 236 239 241 233 210 186 179 172 163 161 157 141 117 117 116 129 136 143 159 174 173 181 184 194 194 194 200 202 209 211 173 141 143 157 169 186 189 199 204 201 201 200 201 208 206 206 204 207 207 209 209 205 198 189 180 184 190 194 190 199 205 209 217 221 225 226
59 59 58 58 59 58 57 58 58 57 58 56 65 60 64 71 65 59 62 64 67 61 62 64 55 62 64 61 59 60 57 57 56 64 56 53 57 57 58 56 58 90 70 70 60 60 64 67 99 56 83 184 206 205 211 213 215 220 225 231 232 238 239 237 209 186 177 172 162 151 142 136 136 126 120 130 134 134 148 158 168 181 180 190 197 199 195 201 204 205 209 208 209 208 164 168 177 192 195 204 208 206 202 202 205 207 209 209 210 212 209 210 212 208 207 204 195 189 180 186 188 196 206 207 211 215 224 226
57 55 53 55 58 62 61 59 58 53 56 56 57 58 60 60 64 66 60 60 59 62 64 64 59 66 66 60 64 65 60 57 59 55 58 59 55 57 57 55 60 56 53 66 59 61 66 60 97 54 55 86 190 202 208 210 212 217 221 228 231 238 217 186 166 159 160 159 134 137 130 128 131 134 145 146 149 154 162 167 180 190 196 198 200 205 204 205 208 207 209 209 209 209 209 187 180 190 197 200 202 202 207 205 207 207 213 213 215 215 213 213 214 210 209 205 205 198 197 185 185 195 206 208 211 212 218 223
58 57 59 58 60 57 61 58 57 59 61 57 59 60 61 59 60 57 56 62 64 64 62 61 64 58 60 64 60 64 60 56 57 56 62 56 57 54 57 51 64 62 64 60 60 64 61 60 82 57 57 49 104 199 201 207 211 217 222 228 224 195 167 150 134 133 131 124 120 130 142 143 147 150 157 154 155 160 173 175 188 195 197 199 199 205 207 208 209 207 212 212 211 213 209 210 194 186 188 198 200 200 204 208 208 215 212 214 213 214 213 212 213 209 208 206 207 208 202 198 188 188 195 198 208 208 210 215
56 55 59 56 56 60 60 61 59 59 59 59 56 53 64 68 61 58 65 65 69 61 64 65 66 60 64 57 62 60 64 60 58 53 59 57 57 59 56 64 64 61 59 58 61 64 60 64 71 59 53 55 54 116 200 198 206 212 222 209 171 148 131 124 103 92 96 113 121 143 160 168 154 142 150 143 153 166 176 186 195 201 199 205 206 208 208 208 209 211 217 214 209 211 209 213 212 198 192 201 204 204 208 208 212 211 213 217 214 214 221 219 214 211 209 210 209 210 207 205 199 196 185 193 197 202 208 209
55 54 56 54 57 60 61 59 55 56 55 60 55 59 72 64 60 58 58 64 65 60 62 65 66 61 61 57 59 58 59 59 61 62 56 58 59 57 55 61 56 61 56 65 61 61 61 72 66 56 53 55 57 55 149 189 197 208 185 145 125 95 86 71 65 61 67 87 124 151 160 153 149 145 134 147 156 170 192 194 200 197 204 207 206 208 206 210 211 209 218 221 215 214 214 212 211 214 199 198 201 202 208 211 215 212 218 219 219 220 223 221 215 212 212 210 211 215 209 206 209 206 198 193 195 199 204 209
53 57 53 56 54 58 58 56 57 56 56 56 58 57 57 59 61 61 54 62 61 61 61 60 62 62 62 58 57 61 60 57 58 58 59 57 56 62 58 62 62 56 56 62 61 68 68 71 65 53 59 55 58 57 62 166 184 143 103 92 74 51 53 51 55 56 75 103 129 143 142 148 131 128 136 149 159 180 184 193 197 198 201 207 208 211 209 211 210 212 217 218 218 217 218 215 214 210 210 200 201 209 210 215 215 217 224 226 225 225 223 223 220 215 218 215 212 214 211 209 206 209 202 197 195 196 201 211
57 52 56 55 59 57 58 59 56 54 55 56 56 59 59 57 58 61 59 60 60 62 61 67 65 61 68 64 67 60 65 56 59 54 59 55 59 67 57 53 60 57 56 58 62 68 62 70 57 56 57 52 56 52 57 79 111 59 43 51 33 22 31 40 54 65 83 94 115 125 108 115 124 145 149 160 170 180 185 190 197 199 199 201 205 207 213 214 214 215 220 217 219 218 218 217 217 220 212 212 208 213 214 218 227 227 233 233 231 233 227 225 224 215 215 212 210 210 213 210 206 209 210 205 196 200 197 202
54 52 55 54 53 55 58 58 51 58 59 51 54 56 59 59 57 56 58 57 57 60 60 62 61 68 62 67 65 58 54 56 60 54 60 58 60 78 70 62 70 64 65 56 66 65 59 64 54 55 52 51 57 56 54 49 79 32 6 8 13 7 33 51 60 66 79 81 97 103 86 104 116 137 157 161 173 179 184 195 196 207 202 204 209 208 212 212 214 214 219 220 218 219 222 221 219 217 213 211 214 217 220 224 227 231 234 236 237 237 234 226 226 224 219 214 212 213 211 208 208 213 213 211 202 204 195 197
52 52 52 56 52 58 55 56 58 53 54 56 57 56 56 78 84 56 57 58 56 56 61 62 58 70 70 62 64 61 60 54 55 59 60 69 67 72 80 70 60 62 68 64 61 65 60 62 58 51 57 48 56 53 51 52 53 57 0 0 9 19 31 45 55 69 69 86 106 97 82 99 118 137 155 166 176 184 188 195 200 204 205 204 208 210 212 215 217 220 221 220 220 218 221 219 221 218 215 217 212 219 220 222 223 225 230 232 237 239 237 234 235 227 222 217 217 220 218 213 209 212 213 213 207 204 199 201
55 52 53 51 54 61 58 57 57 53 57 55 53 55 54 78 91 60 56 57 60 60 60 66 59 64 61 66 66 62 58 57 65 68 72 77 82 77 81 86 82 72 68 60 59 66 64 65 51 61 56 57 57 53 49 52 55 61 18 0 0 6 23 39 53 69 84 96 105 88 82 98 130 133 149 160 174 185 190 192 194 200 201 205 207 207 211 214 213 217 220 217 222 220 222 222 223 222 220 221 212 221 219 223 224 225 226 228 232 231 237 239 237 234 225 221 222 225 223 225 220 215 212 209 205 207 206 201
54 53 55 57 55 55 58 62 66 58 57 57 58 55 59 56 54 59 56 54 60 66 66 74 74 69 55 61 67 64 59 59 67 69 104 96 90 88 87 115 144 91 75 61 56 64 60 55 65 78 57 64 55 52 56 59 57 48 47 2 0 0 7 34 44 64 91 95 97 75 83 106 128 135 153 166 180 185 186 190 195 202 202 205 207 209 209 212 214 215 219 220 221 218 221 224 225 223 223 219 215 215 223 223 225 223 224 224 223 218 228 235 235 233 225 224 226 230 233 232 227 217 210 212 211 210 204 204
53 52 53 61 57 55 55 57 57 57 59 57 58 55 60 57 58 61 55 57 64 61 68 105 172 146 121 74 69 67 57 61 90 103 187 105 105 128 133 150 174 141 91 73 60 57 59 59 105 115 85 59 57 49 49 49 54 56 64 21 0 0 3 16 32 58 77 80 69 72 94 117 125 135 148 160 174 184 188 192 197 201 201 207 208 210 213 214 217 217 215 215 218 222 222 224 227 225 222 219 218 214 228 225 224 223 224 222 223 213 218 225 224 224 226 230 235 236 236 238 235 230 222 217 212 208 202 205
54 56 60 52 57 55 56 57 55 55 56 57 59 58 56 52 54 56 58 61 60 64 79 129 163 159 171 157 126 86 68 71 96 115 102 104 148 174 174 169 170 153 107 70 65 61 59 69 136 149 90 62 60 56 47 59 62 55 67 54 2 0 2 5 17 43 61 56 67 71 84 80 116 143 147 157 169 180 185 189 199 201 201 202 206 210 215 212 218 211 217 221 222 221 220 225 225 225 224 222 217 215 225 228 225 223 221 220 215 212 212 218 213 212 221 231 237 239 241 245 244 240 231 219 213 211 207 207
54 57 56 53 62 55 55 61 58 56 59 57 57 56 57 54 60 59 60 58 58 62 74 113 174 212 209 208 211 169 77 74 91 150 168 164 174 183 195 181 167 162 103 69 62 58 57 64 167 145 110 71 58 51 49 53 56 53 64 66 24 0 0 4 7 18 34 43 53 72 93 95 116 142 146 160 172 179 182 190 196 198 200 202 208 210 213 211 212 214 219 223 219 224 224 223 223 222 221 220 217 214 221 230 228 225 221 217 214 209 210 210 207 208 212 225 239 243 245 247 247 244 234 224 214 210 210 209
57 54 51 58 59 62 61 59 59 62 65 61 60 61 58 58 57 58 59 60 59 65 77 159 211 230 225 228 223 211 171 134 122 173 194 198 204 209 211 204 166 173 129 85 66 55 59 62 182 163 147 107 77 62 55 54 58 55 65 71 47 0 0 3 9 17 20 29 43 59 92 117 134 151 154 166 171 183 188 190 194 197 197 208 210 208 215 212 217 213 221 225 224 230 227 225 224 220 220 218 213 212 217 234 230 225 220 217 209 200 208 201 199 201 210 219 236 244 248 249 248 247 237 219 215 213 212 210
52 53 58 56 57 59 61 56 60 58 60 62 60 57 57 61 59 61 68 62 60 66 68 136 220 235 233 231 231 225 207 184 172 181 213 223 224 224 227 224 181 147 122 74 66 59 61 65 193 169 144 126 91 70 66 53 55 54 62 62 60 6 0 0 5 10 14 21 24 49 79 113 142 151 155 162 171 182 188 192 196 199 199 202 206 207 209 210 213 213 222 223 228 233 232 228 223 219 221 219 214 210 212 233 238 231 221 214 206 206 197 193 195 200 211 225 232 244 248 249 250 247 239 222 219 214 215 213
53 48 53 58 58 58 58 58 61 59 60 58 65 58 60 60 61 55 60 61 67 70 66 113 209 233 239 230 227 230 226 187 182 207 224 233 236 238 236 235 220 177 106 78 62 62 70 81 193 153 133 120 106 91 65 57 54 58 61 64 65 31 0 0 2 11 5 18 31 48 73 113 134 145 154 160 173 183 185 185 196 201 198 201 209 211 207 208 212 217 220 219 228 234 233 232 224 219 221 218 215 211 211 230 238 240 230 217 202 210 195 193 197 200 210 223 232 245 247 247 249 244 234 223 221 219 217 217
51 51 55 56 56 54 60 56 60 64 61 61 62 65 60 59 61 61 57 66 71 61 66 111 206 232 238 240 236 238 233 218 193 218 230 238 241 241 241 240 234 200 132 73 61 67 78 115 200 158 142 139 125 94 75 64 60 58 59 64 67 53 1 0 1 5 5 21 32 46 69 100 131 151 158 162 175 182 181 192 197 200 198 200 202 212 209 209 214 218 225 228 234 234 234 233 224 223 220 215 212 211 212 227 215 236 241 226 201 195 193 194 200 204 210 222 234 244 247 249 247 241 235 224 211 189 174 158
51 56 49 54 53 53 56 60 59 64 60 60 56 66 60 58 58 60 62 75 61 64 74 132 205 227 235 239 241 240 240 235 211 214 228 235 240 241 243 238 231 206 125 74 61 70 88 125 189 132 137 125 106 82 77 65 58 55 57 68 69 73 11 0 1 10 9 17 32 54 61 87 130 143 169 172 174 179 190 189 196 197 204 208 208 211 207 213 214 218 230 233 235 236 237 235 230 225 221 212 218 215 213 225 199 193 227 239 213 193 186 193 200 204 213 219 228 236 241 241 244 230 189 147 133 130 149 174
51 51 53 52 57 60 56 60 60 62 62 57 56 56 60 58 62 59 64 67 64 66 88 145 193 213 226 238 243 230 221 234 211 218 215 228 234 236 234 235 220 188 125 78 65 82 95 123 142 103 111 104 75 64 71 65 56 52 60 64 69 64 30 1 4 10 17 14 29 52 66 78 147 147 166 173 177 182 192 189 196 194 197 204 205 202 209 212 215 218 227 233 236 237 237 236 234 225 217 212 212 211 212 220 213 195 198 230 231 197 190 192 196 199 210 212 218 219 225 211 156 115 105 130 144 161 182 188
48 54 55 55 57 60 55 58 59 64 60 58 59 59 56 59 57 58 65 65 73 72 92 144 188 207 222 235 245 243 225 222 199 224 195 220 231 231 231 228 213 170 105 67 65 98 84 81 85 78 81 87 72 71 64 61 59 56 59 59 71 60 42 0 3 5 3 17 37 48 65 72 100 132 156 175 180 188 188 188 193 195 201 202 199 208 210 210 211 217 232 234 238 238 238 238 237 233 215 214 215 213 213 219 223 209 202 204 232 222 196 198 195 202 206 211 213 204 158 81 69 107 143 164 175 184 199 200
51 51 53 51 51 58 60 58 58 59 61 61 59 60 57 58 56 56 64 65 75 81 93 147 183 196 219 237 248 247 238 219 182 211 163 221 223 225 228 220 198 132 93 62 71 103 71 65 61 61 66 69 73 75 67 55 55 55 60 59 64 66 56 5 3 1 3 16 22 53 66 77 98 128 154 172 180 185 184 189 198 195 201 204 201 208 211 213 211 222 232 236 237 239 239 238 236 232 219 213 215 211 209 215 225 212 218 200 207 232 221 220 207 204 202 204 177 120 74 88 124 145 164 179 186 195 202 205
51 46 51 53 56 56 55 59 62 59 57 60 59 57 62 61 64 60 62 59 82 99 103 160 190 206 215 231 243 243 234 211 161 199 155 213 221 226 223 210 183 117 82 61 79 99 68 51 57 55 57 54 70 73 64 55 51 58 52 56 68 72 65 19 3 4 14 29 23 47 62 75 88 132 159 166 175 185 185 189 196 195 204 206 202 207 209 212 213 223 233 238 240 240 240 238 235 230 218 212 211 210 210 212 222 211 215 208 188 212 236 238 232 214 197 155 109 95 107 125 153 168 176 188 193 194 198 201
51 47 56 52 52 53 59 60 65 55 58 59 60 58 62 64 62 60 61 65 85 91 108 157 186 200 212 224 237 236 228 205 155 167 148 207 220 221 217 202 157 100 80 67 85 85 68 60 48 55 61 62 69 65 69 56 52 56 60 61 77 75 65 26 0 0 6 21 34 49 57 61 86 131 156 168 175 186 186 187 197 195 204 209 206 208 210 212 213 225 236 240 241 243 243 239 237 232 217 211 211 210 207 209 217 223 205 208 193 183 220 244 241 214 150 110 110 129 137 153 168 184 186 194 196 201 196 200
49 51 52 56 56 57 53 57 59 60 56 59 60 56 59 60 61 61 59 61 88 96 110 150 179 189 204 223 230 228 215 189 141 129 156 207 213 213 202 183 122 82 78 75 91 75 60 55 53 57 56 56 61 58 56 58 51 59 58 54 68 85 66 37 0 0 4 21 35 61 67 71 93 134 157 170 176 186 188 190 193 196 204 209 209 205 207 211 214 227 236 240 243 243 240 243 240 234 217 213 211 210 212 208 208 225 202 188 192 163 163 202 202 132 109 121 123 133 147 158 179 192 192 197 200 206 205 207
51 51 53 53 55 56 60 59 59 53 59 59 58 58 58 59 61 65 60 66 81 106 124 148 177 194 208 221 227 221 188 150 110 120 155 200 196 189 156 124 99 69 68 77 88 70 56 57 53 52 52 61 54 57 53 65 52 49 55 61 75 91 69 75 3 2 10 15 33 42 58 68 91 124 161 162 177 181 186 194 197 199 204 204 202 208 201 207 218 231 237 241 244 244 243 243 241 233 213 213 205 212 210 213 206 213 208 158 151 157 136 141 115 109 125 117 124 141 160 176 194 196 192 197 201 207 207 207
47 49 52 51 54 57 56 51 58 55 58 62 58 59 59 59 61 64 61 70 87 105 120 147 168 183 195 207 209 181 129 116 97 109 166 164 155 149 124 106 94 70 75 75 86 80 60 55 47 48 57 58 51 58 56 54 52 57 53 59 81 103 77 54 1 2 11 18 33 36 43 70 104 135 151 161 174 182 181 189 195 204 200 200 209 205 206 208 220 235 241 243 244 245 244 244 241 235 214 210 209 212 213 212 209 199 217 197 192 172 137 118 117 113 111 119 132 141 157 168 190 194 196 199 198 210 212 209
51 51 46 49 55 56 59 59 62 58 57 58 58 61 75 77 59 54 62 61 84 97 113 135 155 173 183 185 183 151 119 97 88 113 117 121 105 115 90 88 80 72 68 73 102 66 55 53 53 52 52 61 54 57 58 62 57 57 57 64 86 103 71 51 1 0 4 14 31 37 51 70 100 119 137 158 171 180 184 184 192 198 202 202 206 206 208 217 225 231 239 243 244 245 244 244 239 232 219 212 209 215 214 208 220 206 187 154 131 119 108 115 116 107 115 118 133 139 154 171 183 195 196 195 200 206 210 209
62 52 48 49 55 54 56 53 56 59 57 55 56 56 56 62 57 57 62 64 80 90 107 129 133 132 149 144 130 108 102 85 94 86 91 92 81 88 84 82 75 72 67 70 122 56 55 54 48 53 55 68 81 92 100 70 58 57 56 60 94 99 72 61 3 0 3 15 33 42 64 94 86 119 136 157 171 180 184 187 196 201 196 202 201 206 208 217 228 237 241 244 244 245 245 243 237 233 221 211 213 211 206 206 210 207 188 136 107 120 120 113 111 99 106 132 151 169 207 208 185 193 195 205 201 207 207 212
49 49 52 49 49 51 51 55 55 58 59 59 58 55 53 56 57 54 58 61 78 84 96 122 116 120 100 100 97 97 93 81 87 81 84 72 70 75 68 77 68 70 69 95 82 56 56 52 47 58 62 75 96 155 180 119 70 55 58 73 102 102 75 58 3 0 4 18 30 56 87 93 96 109 144 154 168 181 182 183 193 197 204 196 199 208 209 214 232 237 241 244 244 243 244 243 237 227 222 209 211 210 210 208 210 206 179 144 124 108 107 104 84 126 144 193 227 228 205 169 180 189 195 196 200 207 205 214
46 52 49 48 49 51 58 57 55 58 57 61 57 55 57 53 55 55 59 67 71 77 90 97 98 98 92 86 84 91 87 81 88 84 81 72 74 72 70 65 66 66 62 106 51 52 52 55 49 55 64 86 146 209 225 204 110 60 56 69 115 111 72 62 6 2 4 27 36 42 68 88 90 113 142 158 171 180 179 192 194 194 199 202 202 207 211 222 232 237 240 244 245 245 243 240 235 225 219 206 207 213 214 210 208 202 174 143 115 104 93 95 134 167 194 226 239 244 221 162 176 188 193 196 202 201 204 208
48 45 46 53 49 51 57 54 59 54 57 60 64 56 57 61 57 57 59 61 62 68 78 81 92 81 78 73 80 91 91 88 86 77 78 72 72 69 65 64 66 61 70 74 51 53 52 47 51 51 58 91 189 236 243 243 175 68 58 69 129 120 78 61 8 5 0 16 30 44 62 82 90 111 137 158 171 181 184 195 199 201 201 199 204 209 214 219 231 238 240 244 246 244 243 240 236 225 212 205 204 210 209 209 208 200 167 135 104 88 94 118 183 221 238 243 244 248 245 179 174 180 192 200 199 204 207 209
44 44 49 52 49 51 52 54 57 53 56 58 59 57 60 57 57 59 59 60 65 61 72 75 79 77 72 72 75 85 90 84 81 73 75 69 62 62 55 59 61 57 73 51 51 55 56 55 48 54 66 107 202 240 247 249 226 93 69 73 144 136 81 68 4 0 0 11 31 55 78 91 95 117 144 167 173 179 186 190 197 200 202 201 202 201 211 217 224 235 241 241 245 244 243 240 236 227 213 205 206 209 211 212 214 198 155 116 118 118 123 195 223 237 245 248 250 251 246 181 172 179 192 201 198 199 206 207
43 47 49 52 47 52 52 55 55 55 54 57 60 55 64 58 61 59 59 59 62 62 64 72 75 74 79 72 69 83 80 78 73 67 68 64 61 58 53 62 56 73 66 55 55 54 53 55 53 55 71 137 208 237 248 249 241 128 71 85 145 144 80 69 9 0 0 9 30 49 73 96 104 109 142 160 181 180 182 182 190 194 200 201 201 200 212 218 225 228 237 241 245 245 244 241 235 227 214 209 204 208 209 207 209 180 136 95 122 141 213 235 244 246 249 250 248 218 181 160 177 184 193 198 197 200 202 211
46 47 47 52 51 52 55 55 56 54 53 55 58 55 55 61 61 58 59 60 58 57 64 66 69 71 69 68 74 77 80 69 60 62 65 58 59 59 58 58 59 73 52 52 56 53 53 48 48 60 81 157 214 236 248 249 241 137 77 84 144 139 91 68 3 1 1 5 21 41 62 82 102 98 136 160 173 179 183 184 183 194 197 204 206 209 213 213 220 221 231 239 245 245 245 243 236 225 218 209 199 206 205 206 207 167 100 107 168 208 235 244 248 249 251 239 164 123 149 164 182 187 198 204 204 204 208 211
41 46 49 49 55 53 51 54 55 52 55 55 56 54 56 54 58 59 60 59 61 58 62 61 65 64 65 71 70 65 66 66 62 65 66 61 60 59 58 54 66 57 48 49 55 57 53 48 49 74 103 174 221 237 246 240 223 141 84 92 132 118 80 54 3 0 0 13 24 41 55 74 97 109 129 147 170 177 179 183 189 190 198 200 207 205 211 213 212 212 221 236 241 245 246 244 238 226 221 213 205 201 206 209 201 104 106 193 212 228 240 246 249 250 223 142 124 139 158 161 179 195 198 200 200 204 206 213
43 47 47 51 54 52 55 52 53 59 57 53 55 57 59 59 57 56 58 56 68 64 64 67 67 68 72 68 66 66 60 64 65 64 60 59 60 58 61 60 67 53 54 53 54 49 49 52 54 71 117 192 224 240 240 230 212 138 85 86 117 107 70 49 2 0 7 14 22 37 46 68 86 99 128 144 157 173 175 174 187 185 195 200 200 207 206 211 212 211 214 227 239 245 246 245 240 230 225 222 206 202 206 214 155 124 186 218 226 235 245 248 250 222 136 141 144 150 164 179 184 192 197 200 199 207 208 210
42 47 54 47 55 54 56 52 51 56 57 51 51 55 60 57 60 59 56 61 64 60 64 67 67 66 71 66 62 67 58 61 62 58 59 64 58 61 60 66 55 51 54 54 54 54 49 49 57 74 146 204 230 241 237 222 200 135 68 84 102 88 64 40 3 0 3 11 22 44 43 61 81 100 136 143 157 168 171 173 181 183 190 197 199 206 200 206 205 210 215 221 236 241 244 245 241 235 231 225 212 207 210 157 143 156 211 228 234 241 247 250 222 130 126 141 157 167 172 188 190 192 197 198 206 211 208 213
46 47 53 51 52 54 51 53 53 52 59 54 52 57 57 56 60 58 59 65 65 65 62 61 65 71 67 68 66 64 58 64 64 57 60 65 64 61 69 51 49 55 49 54 57 54 47 49 61 90 172 219 238 241 234 218 184 109 67 78 83 78 58 28 0 1 7 9 27 35 49 66 71 94 130 146 156 167 158 163 171 179 188 189 197 202 201 205 201 209 208 219 235 241 243 244 243 235 234 230 218 210 176 146 160 208 227 236 241 244 249 239 123 116 128 149 158 167 175 189 193 188 194 200 204 208 206 209
41 45 48 52 51 47 56 52 52 52 55 57 56 55 59 56 56 52 53 61 67 65 61 65 66 67 67 65 64 65 61 64 62 66 66 67 68 66 56 52 47 61 57 53 54 54 49 52 66 128 197 230 236 235 230 214 159 82 66 68 69 61 58 17 0 2 4 18 22 39 46 55 59 83 111 136 145 156 161 164 163 173 177 181 193 194 196 205 208 210 210 225 237 241 243 244 240 236 232 226 220 202 137 166 201 224 237 240 241 247 244 144 104 121 129 147 158 169 175 183 185 189 196 202 204 207 207 210
45 48 52 54 49 45 49 52 51 54 53 56 52 54 57 58 56 56 58 55 59 66 64 64 65 69 67 71 67 66 59 66 68 61 66 62 68 59 54 49 53 57 58 52 57 49 53 58 77 158 208 230 234 228 219 195 120 70 62 65 66 57 53 1 0 1 7 17 26 42 51 59 64 77 96 131 142 146 150 161 167 169 169 170 188 193 199 204 205 200 208 225 235 241 238 240 240 234 230 224 221 155 153 187 212 230 239 241 243 247 172 87 102 130 141 155 161 174 177 183 183 188 198 205 206 205 209 210
48 46 43 51 49 57 51 55 54 53 48 54 54 53 61 53 56 60 54 65 68 67 64 68 66 68 70 69 68 67 70 69 67 61 61 60 55 54 58 57 54 59 56 55 56 52 54 65 97 179 214 232 230 221 196 146 91 66 58 58 56 54 35 0 0 1 8 13 30 40 49 57 62 82 98 130 135 143 149 150 154 160 176 173 181 190 196 201 201 198 208 224 234 239 237 238 240 235 227 225 181 154 164 201 224 234 239 241 244 215 77 102 105 125 141 155 163 171 179 176 182 188 199 202 206 206 207 214
45 41 39 43 46 52 60 55 55 52 54 52 53 47 57 56 57 57 58 56 61 68 66 62 64 65 69 72 67 74 68 66 64 64 56 58 52 61 58 61 58 60 55 54 57 59 71 92 148 198 215 224 211 181 135 107 74 61 57 55 57 57 20 0 0 3 4 17 30 32 46 53 55 73 92 120 125 131 144 146 155 158 169 170 176 184 198 197 197 198 202 220 230 236 236 235 234 227 226 223 134 173 190 221 228 237 240 241 240 131 77 97 111 129 137 154 158 163 173 182 183 189 201 200 201 207 211 213
48 40 41 41 35 48 47 52 52 48 49 55 46 49 51 51 55 58 59 58 61 64 64 59 62 62 65 65 67 64 64 61 61 57 56 55 57 56 56 62 58 57 61 58 59 74 96 125 180 208 220 206 173 125 100 81 66 56 51 56 53 52 4 0 0 1 9 4 33 36 43 58 48 64 75 98 100 129 134 137 151 156 168 166 167 173 190 194 189 187 200 208 222 233 232 230 230 225 225 188 155 168 207 232 235 240 241 243 226 78 73 86 103 119 125 144 147 150 168 175 182 187 192 200 200 205 207 217
49 47 46 47 40 40 48 55 49 48 51 53 48 45 53 52 51 53 54 58 64 61 64 62 65 65 64 66 61 62 61 58 58 64 58 57 55 54 55 56 60 59 52 58 71 95 156 172 209 214 212 180 125 97 82 66 62 56 54 53 56 45 0 0 0 1 0 9 30 42 45 48 53 66 79 88 96 109 120 128 137 147 159 156 160 170 184 183 179 184 190 202 208 215 226 227 223 212 163 144 172 192 223 236 239 239 240 243 188 69 59 82 91 96 106 116 135 151 160 168 179 186 192 194 197 202 205 213
55 48 51 51 40 34 41 52 49 53 45 47 44 45 45 51 51 53 57 60 65 55 59 65 59 60 59 58 61 60 60 62 60 61 55 55 60 57 58 57 55 57 54 60 84 139 182 205 221 218 198 162 100 83 74 62 64 52 52 52 52 29 0 0 0 0 1 5 21 22 40 39 53 56 68 77 78 82 91 102 121 135 139 139 142 150 159 164 162 168 176 190 193 204 204 171 113 94 96 172 175 211 231 239 241 241 241 243 218 211 211 204 177 139 97 102 120 141 153 161 170 181 193 189 197 202 209 212
55 59 57 46 45 34 36 46 48 51 53 52 54 83 95 82 45 53 56 59 61 58 57 64 59 62 61 62 62 58 60 58 64 64 60 61 60 59 57 60 61 59 60 71 120 182 201 214 226 213 182 132 108 87 65 60 54 52 53 52 49 17 0 0 0 0 0 2 16 15 33 41 44 56 60 60 60 55 66 75 95 92 98 96 107 120 132 141 146 151 150 75 109 135 90 71 74 118 175 182 177 218 236 240 243 241 243 244 237 231 237 241 243 243 228 171 117 120 143 156 173 176 181 189 196 201 207 213
58 52 53 47 48 42 41 47 79 107 124 158 179 223 193 70 71 42 53 55 58 58 57 57 57 61 61 61 57 59 58 64 60 64 61 61 62 62 60 59 88 69 69 91 148 199 212 221 222 211 184 128 98 77 66 54 53 48 49 48 48 3 0 0 1 0 6 3 15 18 32 32 44 45 42 49 46 45 56 60 66 45 61 65 55 66 81 100 106 125 94 22 49 46 85 107 149 196 218 188 188 224 235 239 241 241 241 243 240 238 233 228 235 243 243 241 224 157 131 150 159 173 180 185 190 201 204 209
56 55 56 65 84 131 173 192 206 197 205 202 204 217 192 150 174 70 45 46 51 54 55 55 56 59 54 57 56 61 69 57 59 62 67 62 59 57 58 58 62 59 78 111 155 182 209 218 215 196 156 109 78 65 55 55 56 49 49 51 39 0 0 0 0 0 2 4 9 10 19 19 33 34 36 27 35 33 49 51 36 30 26 24 22 51 110 156 187 192 177 93 74 73 104 161 211 230 224 195 210 233 239 241 243 241 241 243 241 240 240 232 224 212 214 233 243 243 211 155 157 169 176 180 186 197 200 209
59 98 137 176 185 179 176 170 172 185 209 231 213 239 228 213 241 163 48 41 45 47 48 55 58 61 56 56 56 62 59 56 55 61 67 60 59 60 62 58 55 67 97 136 181 182 183 196 181 153 129 82 69 61 59 66 53 48 52 53 24 0 0 0 0 1 1 4 7 3 11 19 23 18 28 42 32 28 37 22 18 10 5 2 58 171 208 212 212 206 183 143 111 112 188 206 218 232 222 211 227 239 239 240 243 241 238 239 239 241 241 240 237 223 225 235 240 244 243 223 158 162 173 173 180 192 198 207
67 119 125 137 147 148 156 157 170 185 199 239 226 234 238 202 241 224 70 43 47 47 54 53 56 61 58 58 59 59 61 57 58 56 57 59 62 59 60 64 69 83 120 166 194 198 193 185 157 117 94 77 67 66 56 55 56 54 58 51 17 2 54 109 9 1 0 0 2 5 1 6 13 16 22 19 32 23 22 20 8 0 0 61 182 210 217 219 220 212 180 172 161 188 215 206 205 231 222 222 235 241 239 239 241 244 241 241 238 238 240 239 238 234 233 241 241 243 243 243 213 151 158 171 180 192 197 208
68 80 111 133 134 149 139 144 150 172 198 223 235 220 239 217 230 240 123 49 46 48 46 57 57 64 61 60 61 60 61 62 61 57 67 58 52 56 60 67 74 103 135 172 204 202 196 189 146 99 85 70 66 60 57 54 52 52 46 56 73 132 198 179 14 4 0 1 0 3 2 0 4 2 8 14 19 4 7 1 0 0 36 172 204 215 220 224 220 196 175 226 234 220 208 186 196 225 215 221 234 240 239 238 241 244 241 240 241 239 237 239 238 236 241 244 244 243 243 243 243 180 150 167 176 189 195 200
69 69 86 109 110 121 125 119 142 147 174 206 239 222 237 215 224 243 182 51 53 51 56 60 60 59 57 59 62 62 60 64 59 58 60 60 62 60 65 75 78 98 124 163 192 200 189 143 104 92 80 62 54 55 56 48 53 52 51 68 151 196 205 115 10 3 0 1 0 0 1 0 2 8 4 6 10 2 4 0 0 4 133 195 207 215 220 222 212 202 212 218 217 215 192 202 224 221 195 208 226 240 241 237 240 241 241 239 233 237 232 236 237 234 243 243 243 243 243 243 243 224 144 156 171 182 194 198
64 61 75 59 87 99 99 86 112 126 160 199 220 235 230 226 214 241 226 71 48 45 57 59 54 60 65 59 58 61 57 61 62 61 65 64 65 66 69 77 82 95 110 131 147 154 154 133 110 84 73 61 54 55 51 53 54 59 54 105 183 218 206 56 3 0 0 2 0 0 0 0 3 0 3 1 1 0 0 0 0 48 177 196 207 217 219 218 214 214 219 218 220 212 202 199 210 228 196 209 239 243 238 233 239 240 238 231 232 232 225 227 231 241 244 244 244 244 243 243 244 243 166 147 158 180 192 192
66 65 65 71 59 59 95 97 110 123 122 181 207 236 230 236 210 235 239 123 49 42 45 53 55 56 62 62 58 60 59 59 58 58 61 65 74 70 68 93 105 119 121 121 126 136 144 122 112 103 77 64 59 56 52 52 58 53 59 141 181 224 213 36 0 0 0 0 1 0 0 1 0 3 0 0 0 1 4 0 1 110 181 200 209 213 213 214 217 219 223 225 226 226 224 221 214 207 186 210 233 240 234 231 234 236 234 226 226 233 226 223 239 243 243 244 243 244 243 243 243 244 188 134 150 173 179 189
66 66 62 67 70 75 46 59 120 122 133 158 202 231 228 238 214 223 240 181 53 52 53 55 49 58 61 62 61 68 58 59 58 65 67 65 68 65 74 90 108 122 115 119 117 120 121 117 91 83 72 61 59 57 52 56 54 52 60 146 193 220 222 41 1 0 0 0 0 0 0 1 3 0 0 0 7 0 0 1 18 155 186 204 208 214 212 212 218 222 228 225 231 236 234 230 226 222 212 217 228 233 234 235 238 240 241 240 240 240 240 238 241 241 243 244 243 243 243 241 243 244 208 134 149 174 184 187
69 66 65 68 68 66 60 56 120 137 133 154 197 215 236 237 230 214 237 227 75 49 51 49 57 53 57 53 56 62 56 60 56 57 61 68 67 65 79 81 100 102 98 107 108 98 82 97 70 64 67 52 58 58 57 55 56 57 56 129 192 223 226 66 2 0 0 0 0 3 1 0 1 2 0 0 2 0 1 0 55 168 190 204 207 212 212 214 219 222 230 228 233 237 233 233 234 233 231 231 232 234 237 237 239 241 240 241 243 241 243 240 241 241 241 243 243 241 243 241 243 243 209 121 144 162 180 186
70 71 72 66 69 64 58 41 86 155 163 158 187 208 235 234 236 220 239 241 150 51 49 48 55 55 58 55 52 57 55 56 54 64 59 58 62 60 66 73 86 87 82 86 83 80 73 60 57 64 64 55 54 58 56 49 55 56 23 121 184 224 225 88 7 0 0 0 0 0 0 0 0 0 0 0 0 4 2 5 74 173 193 206 205 210 209 215 220 225 231 230 233 235 234 235 236 235 232 235 232 234 236 238 240 239 241 243 241 241 243 243 240 241 244 244 241 241 244 243 243 244 205 121 139 160 161 175
72 71 71 66 66 67 65 34 90 148 170 156 163 209 228 237 236 220 231 241 213 52 43 44 54 51 53 62 52 52 64 54 59 57 55 59 62 65 59 69 73 72 73 66 67 62 62 57 59 57 55 60 67 65 60 58 56 44 1 96 175 217 211 132 5 0 0 0 0 0 0 0 0 0 0 0 0 0 0 3 102 175 190 200 205 208 210 213 214 223 231 230 232 233 233 232 232 232 231 233 233 235 239 239 240 240 241 243 243 243 243 241 241 243 241 244 241 243 243 244 243 246 199 110 133 157 159 170
68 62 66 65 61 57 66 37 86 163 167 161 159 192 223 233 232 226 222 239 240 100 41 41 44 49 52 49 49 56 57 56 56 52 59 67 59 61 56 59 59 58 61 62 56 59 55 61 57 64 54 60 71 77 66 60 49 9 0 54 146 137 137 157 73 2 0 0 0 0 0 2 0 0 1 2 0 0 0 1 108 177 190 195 201 204 208 212 217 222 228 230 233 235 232 233 234 232 230 233 233 236 239 241 241 240 240 244 243 244 244 244 244 244 243 244 243 243 243 241 244 245 184 103 130 147 163 172
65 66 68 66 64 54 58 46 58 155 170 151 149 190 210 230 235 234 205 236 241 159 44 45 43 41 52 48 53 54 57 55 57 56 64 61 59 54 55 60 59 55 51 52 54 59 55 58 56 64 65 81 77 70 59 58 23 0 0 13 61 29 77 117 143 78 3 0 0 0 0 0 0 0 2 2 2 0 0 4 105 176 189 195 196 200 207 211 214 222 226 227 228 232 232 233 232 233 231 233 235 237 238 239 241 241 243 243 241 244 243 245 246 246 245 243 243 243 243 244 244 246 163 91 134 143 155 166
78 71 60 62 55 54 56 52 42 143 169 158 145 185 209 223 237 236 202 226 240 219 57 45 42 45 45 55 49 57 54 55 56 55 62 61 61 57 57 49 55 52 53 49 57 56 57 56 59 65 68 67 69 58 56 35 0 0 2 0 1 15 57 112 123 99 64 1 0 0 0 0 0 0 0 0 0 0 0 2 107 177 186 192 200 200 202 210 211 220 226 227 231 233 232 230 233 232 231 234 234 237 238 238 241 243 244 244 244 245 245 245 244 243 244 244 243 243 244 245 245 247 153 92 121 130 146 158
67 69 59 59 61 61 57 49 36 133 177 172 147 172 211 211 234 237 218 212 239 238 111 43 41 46 46 48 55 53 54 55 65 53 55 56 56 53 55 51 53 51 48 52 57 55 57 60 59 62 55 53 57 61 46 2 0 0 0 0 31 67 92 70 72 115 61 14 3 0 0 0 0 0 0 0 0 0 0 1 115 181 185 187 192 197 201 206 211 222 223 226 226 230 227 227 231 231 228 232 233 236 236 238 241 243 243 244 244 244 245 245 244 245 245 245 243 241 244 244 245 247 132 73 109 116 142 158
60 60 58 72 66 57 59 56 57 124 171 176 149 156 202 202 230 236 224 204 234 244 160 43 36 37 47 47 54 51 49 53 55 53 56 55 52 57 52 54 51 46 55 48 52 55 54 57 55 47 51 47 47 43 3 0 0 1 20 67 123 155 168 168 156 139 134 75 47 24 11 0 0 1 0 1 0 0 2 4 122 176 188 193 190 196 200 205 208 213 220 225 225 224 223 224 226 227 231 230 231 236 236 239 241 240 240 243 243 243 243 244 245 244 244 245 244 243 244 245 245 245 107 73 86 121 130 154
53 52 64 90 86 100 112 129 160 131 172 188 167 155 184 205 225 238 235 205 221 241 212 51 41 44 42 47 45 44 48 56 61 70 73 85 97 107 103 96 84 80 72 69 66 58 47 47 45 44 46 42 42 6 0 1 13 51 106 153 175 188 192 193 189 195 186 176 148 133 108 70 31 2 0 0 0 0 0 11 107 171 182 189 190 195 196 198 201 212 220 221 221 224 223 223 227 226 228 228 230 232 234 236 240 240 240 243 244 243 244 244 245 245 244 245 244 244 243 243 245 236 75 59 102 123 134 149
52 74 100 110 130 156 162 182 196 161 166 181 177 164 173 199 215 239 236 211 206 243 236 87 42 37 37 43 45 46 59 65 93 98 109 120 131 136 123 129 137 154 174 190 194 166 122 69 49 46 47 43 8 0 3 8 43 102 157 181 192 201 201 206 201 196 201 194 186 175 163 145 108 66 10 2 0 0 0 0 92 161 173 180 189 192 196 196 201 210 217 220 222 223 221 222 227 226 227 227 227 232 234 238 239 239 240 243 245 245 244 244 244 244 244 245 245 244 244 245 247 223 57 53 98 122 132 144
91 122 131 147 166 172 184 180 202 186 155 185 190 175 167 194 207 240 236 217 202 241 238 154 44 46 51 52 45 55 66 86 97 106 134 151 146 128 112 129 149 149 159 174 193 206 215 200 167 98 49 14 0 0 0 19 61 149 180 193 195 198 204 208 206 206 208 205 196 194 177 162 151 137 77 20 3 0 0 1 74 160 173 180 186 190 194 190 198 205 213 217 219 219 221 220 224 224 225 226 228 232 232 236 237 236 240 244 244 244 244 244 244 245 244 244 246 245 245 245 246 194 45 46 75 106 128 135
113 144 156 151 172 186 197 194 200 217 158 188 195 187 184 197 201 237 233 226 208 230 240 211 82 65 52 46 49 67 79 99 120 130 143 141 124 115 104 122 139 159 172 183 184 187 190 188 194 196 179 74 6 4 4 36 91 166 186 189 194 197 202 205 206 205 209 210 207 198 195 183 174 159 123 65 13 0 0 0 66 171 173 181 187 187 192 193 194 198 206 212 215 219 219 220 222 221 225 222 225 227 230 231 233 236 238 241 244 244 245 245 246 246 245 245 246 244 245 245 246 150 33 20 52 84 99 120
125 146 163 171 183 190 197 199 201 215 190 175 174 184 181 188 209 236 237 230 215 221 243 233 133 88 72 62 58 85 97 104 117 157 149 116 97 98 107 107 130 174 190 187 185 182 185 182 193 200 204 205 146 34 11 49 102 167 181 189 198 198 200 204 209 209 213 209 205 204 199 196 184 174 145 106 59 6 0 0 49 163 171 179 182 184 188 185 192 196 202 208 211 214 217 220 217 218 224 223 223 226 228 230 230 233 237 239 244 245 245 245 245 245 245 244 245 245 245 245 246 96 22 13 19 40 66 69
144 156 164 176 186 197 199 205 211 218 189 155 174 182 168 174 198 226 234 236 213 214 237 239 196 97 73 81 86 96 106 110 134 146 118 104 88 97 109 128 164 180 192 184 182 187 192 200 204 209 212 207 209 196 85 59 120 162 175 190 200 204 205 204 207 210 213 208 207 207 201 198 193 177 162 142 102 43 3 0 43 154 167 171 176 179 180 187 188 197 201 201 209 213 212 214 214 217 220 218 221 222 224 225 230 230 231 238 239 241 243 244 243 244 246 245 245 244 245 244 232 48 11 14 24 33 37 47
157 166 183 182 196 200 205 207 213 219 211 147 174 180 173 162 204 212 233 228 211 208 234 243 231 111 77 88 85 99 105 125 141 133 118 94 87 95 104 129 166 175 181 179 188 201 200 204 200 208 204 212 212 211 212 158 107 151 172 188 201 206 206 206 210 209 206 208 207 205 205 204 200 187 179 161 133 71 16 0 27 133 155 170 175 174 174 186 186 189 195 195 201 205 206 211 212 214 217 219 222 221 225 224 226 230 232 237 238 241 244 244 246 245 245 243 245 245 244 243 195 26 3 3 5 18 43 68
180 179 183 177 190 195 206 205 212 209 208 160 173 183 171 156 184 202 241 230 226 214 226 239 237 154 85 83 87 97 100 132 142 135 107 95 99 90 116 150 162 166 180 179 194 194 200 196 199 199 205 206 209 210 212 217 181 139 162 179 194 202 205 210 214 212 210 210 207 208 204 207 206 198 189 173 153 97 39 2 9 110 159 164 171 177 175 181 186 193 190 196 201 200 202 211 210 213 215 215 220 219 222 223 224 225 227 233 236 239 241 244 243 241 241 240 243 243 240 241 139 14 2 5 48 115 151 116
186 199 196 189 186 193 199 211 214 212 210 154 175 181 177 157 166 202 235 224 230 213 225 235 237 202 79 72 72 107 121 135 137 106 96 94 99 106 126 151 156 160 168 185 189 198 199 199 202 205 207 211 214 208 210 209 219 197 154 173 186 204 204 211 214 214 214 211 211 208 206 205 202 202 195 180 169 130 61 11 1 85 145 167 170 180 182 184 186 187 188 195 197 197 199 204 202 208 212 211 214 217 220 219 220 222 224 231 232 236 236 237 237 237 239 236 237 237 233 228 84 13 30 129 201 212 189 83
187 201 201 196 193 188 198 208 211 209 217 163 176 189 185 159 168 197 221 226 224 221 226 238 239 231 103 72 83 96 107 115 120 96 95 91 100 119 144 156 146 161 184 188 197 195 199 204 204 212 211 214 218 217 221 218 214 219 193 175 189 200 201 210 213 217 214 211 219 217 214 219 208 206 200 189 175 143 84 14 0 40 115 156 170 175 174 184 185 183 187 189 193 197 197 199 197 206 208 207 209 213 215 213 218 221 224 228 232 231 234 236 234 232 235 232 228 228 226 186 34 102 207 228 224 189 107 53
186 199 202 202 201 190 199 204 210 209 214 162 177 187 195 174 169 192 211 223 222 227 224 232 239 237 151 71 80 104 105 116 124 102 86 90 99 132 148 149 144 166 170 184 185 186 198 205 210 215 213 217 219 218 220 220 219 213 212 194 190 201 202 210 211 214 219 217 215 214 214 224 219 205 201 199 184 162 117 35 0 17 87 117 141 159 170 179 177 175 175 182 185 189 193 194 192 198 200 204 205 208 210 209 215 217 221 222 228 230 227 230 228 225 226 224 220 215 208 116 169 227 228 218 174 84 47 42
186 202 198 187 204 205 206 206 215 226 223 179 166 183 189 167 168 180 212 222 219 230 223 230 230 236 219 82 88 94 110 129 110 87 94 86 100 126 145 145 163 170 173 176 181 188 195 204 206 210 212 215 221 220 221 219 218 215 217 219 199 199 198 207 212 212 215 220 221 221 228 234 231 213 201 202 190 172 129 56 7 1 57 110 122 139 162 168 173 175 170 177 183 181 182 185 184 190 193 193 199 200 202 200 208 212 215 220 219 223 222 224 222 219 215 211 199 194 189 208 223 223 202 142 62 41 40 45
158 148 142 130 155 220 223 225 226 223 225 164 156 186 188 172 157 179 205 219 219 234 214 232 233 239 235 119 87 81 115 231 164 81 84 92 104 115 137 145 160 164 172 175 180 194 206 204 206 209 215 223 224 223 225 223 218 213 219 221 215 198 202 209 209 211 218 222 230 234 239 237 236 233 214 201 195 186 150 83 16 2 22 73 104 121 122 134 170 171 167 176 177 172 182 180 180 186 185 187 187 190 189 189 196 197 205 200 208 208 207 207 202 200 197 192 180 190 211 218 208 169 90 44 37 41 39 37
94 65 47 103 160 193 200 217 223 218 226 160 160 163 184 177 157 164 188 210 214 236 224 222 236 241 236 189 106 111 170 217 231 129 71 73 113 129 143 161 161 171 168 182 188 198 205 209 210 218 220 221 215 220 225 217 215 213 205 206 214 211 202 208 212 214 219 226 232 239 239 238 238 235 230 214 196 190 167 106 29 0 9 52 93 108 109 135 151 158 167 167 170 169 174 171 174 180 176 177 174 180 176 177 180 182 187 172 183 188 185 184 180 175 171 173 195 207 209 188 125 58 41 39 43 40 40 44
72 28 31 74 146 168 190 198 200 214 221 161 168 168 182 183 171 172 190 202 224 232 236 218 232 241 238 230 104 154 217 184 190 208 100 91 108 124 153 158 163 168 166 185 190 189 201 205 208 220 213 213 214 210 201 197 194 192 190 190 192 211 207 209 211 217 219 230 234 239 240 241 240 238 232 231 209 193 177 143 58 2 8 39 74 97 109 120 139 149 160 156 159 162 164 167 168 167 172 169 163 160 159 157 149 158 162 167 168 155 151 149 145 141 167 190 190 190 161 104 58 41 46 40 43 43 43 45
100 15 20 87 131 168 157 158 195 192 193 153 174 186 183 190 186 177 190 210 225 225 234 220 226 238 236 231 150 188 205 167 163 150 192 169 109 120 128 147 159 169 174 185 187 196 200 212 209 204 194 177 168 160 153 155 163 168 172 176 177 173 180 194 209 215 221 231 228 238 241 241 243 240 239 237 219 196 186 158 66 1 0 20 55 84 106 113 130 141 151 157 159 156 153 156 158 160 161 156 149 145 134 134 134 131 136 132 109 94 99 88 102 157 177 173 170 167 128 69 46 43 43 36 37 40 41 45
84 10 27 124 151 133 112 117 126 160 157 160 182 190 193 199 187 175 188 209 218 230 237 223 228 233 238 228 211 196 227 161 122 82 113 186 198 141 60 109 153 174 184 185 193 200 210 207 188 171 149 119 122 103 115 120 150 161 170 173 184 173 173 177 169 182 200 232 230 238 245 244 245 244 241 241 235 205 192 168 97 8 2 6 33 79 92 119 134 148 149 146 149 145 147 146 145 151 139 141 131 113 118 117 109 118 102 93 82 64 66 88 136 148 149 131 131 113 66 54 44 45 43 41 42 40 42 42
46 14 62 91 93 84 77 55 40 119 148 164 179 185 195 189 183 175 185 199 208 213 235 235 231 236 240 235 224 215 218 157 77 69 135 186 199 180 148 108 147 164 183 184 197 194 188 175 139 110 80 87 84 83 94 97 113 159 172 176 179 184 182 192 189 189 175 177 208 239 244 244 244 244 243 243 234 211 196 180 122 10 0 1 27 57 80 99 109 133 135 132 133 132 117 123 126 132 121 109 107 95 97 95 94 98 81 68 53 55 75 108 111 112 112 96 71 80 42 40 37 40 43 34 41 40 39 47
20 53 42 22 19 16 13 2 34 139 164 172 180 189 197 190 187 182 188 206 209 227 236 239 234 236 240 236 234 214 184 123 43 118 202 195 192 177 171 181 172 167 167 177 188 164 131 107 78 68 68 66 70 70 86 100 131 157 170 180 184 187 195 190 192 196 195 195 189 190 230 241 245 245 241 240 231 210 197 186 145 19 0 1 7 33 67 88 93 105 110 111 115 110 108 110 106 98 98 94 91 80 90 80 78 74 60 53 52 72 84 92 86 75 49 32 35 81 40 39 35 40 42 36 42 41 42 43
