P2
128 128
255
35 62 32 13 1 3 4 1 95 170 168 182 189 202 200 204 188 186 197 199 210 218 227 239 237 235 238 236 233 228 217 164 118 147 158 196 206 208 182 142 132 150 146 163 218 194 71 58 54 52 51 60 69 78 93 116 146 163 170 185 194 198 199 201 200 199 204 199 199 197 185 214 245 247 246 244 233 211 199 189 156 44 3 0 3 22 55 74 86 96 109 99 92 97 95 96 96 91 82 82 74 67 74 66 69 55 41 51 68 56 61 62 65 44 35 36 34 37 37 37 45 44 40 45 37 40 45 47
84 67 43 40 23 23 0 41 158 164 172 179 190 184 196 201 193 199 202 214 224 219 220 239 238 239 238 236 233 230 224 228 172 88 153 209 223 204 142 99 84 98 162 181 213 180 73 47 48 57 61 65 81 92 109 142 150 166 168 182 184 196 196 205 199 207 204 201 197 196 199 195 214 248 249 246 234 210 199 197 170 45 0 0 0 11 42 67 82 83 92 88 88 86 86 91 83 77 72 66 55 59 64 55 55 46 45 56 51 54 60 60 40 32 33 32 36 40 40 42 43 44 43 41 42 43 43 46
151 120 56 46 28 13 10 109 166 171 177 185 199 190 197 189 187 193 196 207 218 222 223 237 239 238 239 238 234 228 228 225 233 142 129 182 200 143 95 113 169 199 174 182 189 70 35 54 51 57 61 68 83 107 126 141 158 164 172 190 198 196 200 197 205 208 209 209 205 202 202 211 204 210 247 246 235 212 200 196 177 66 1 1 0 3 17 56 65 73 77 71 78 75 74 70 62 64 52 46 41 37 34 35 36 36 49 49 53 49 46 39 31 34 32 39 40 41 37 43 43 49 45 44 45 41 42 44
193 162 103 47 17 18 28 143 166 175 182 190 174 176 204 192 189 199 199 207 212 212 227 235 239 239 236 239 237 234 222 225 227 207 88 150 170 175 164 181 207 211 160 145 169 24 55 58 61 69 70 83 85 124 146 164 173 181 190 198 202 206 207 211 213 208 208 209 210 205 208 206 208 198 212 246 232 212 204 200 180 80 3 0 0 1 19 44 46 67 69 57 56 61 68 62 52 47 42 43 37 31 32 21 34 47 49 48 40 36 41 39 36 33 37 36 47 43 43 41 45 44 44 49 46 44 48 48
206 170 123 26 18 9 18 137 172 184 183 209 186 205 214 198 195 196 197 210 219 228 236 235 240 241 238 233 235 234 230 227 228 198 143 144 204 225 228 162 204 192 135 130 126 20 59 71 59 70 75 88 113 143 159 157 172 184 195 198 198 205 209 210 215 217 214 214 212 211 206 204 201 209 200 227 233 210 205 202 184 80 2 0 0 4 7 31 39 46 52 60 56 58 56 56 51 39 34 37 26 24 22 24 36 41 39 39 34 35 37 33 37 35 40 39 44 47 43 43 42 42 47 44 47 44 44 44
220 201 144 39 35 15 10 104 149 169 195 204 187 213 215 206 198 201 202 199 208 219 220 228 241 239 236 226 221 232 235 235 234 217 190 122 172 195 209 150 174 122 122 163 83 42 58 67 77 103 113 126 131 141 148 170 170 177 180 193 196 205 210 212 209 211 210 215 215 218 212 209 201 204 218 199 226 208 204 200 180 68 0 0 0 0 5 20 39 47 48 49 44 53 53 46 42 40 31 27 22 18 16 31 37 31 32 36 34 33 30 36 36 37 39 46 46 41 40 46 47 46 46 46 47 41 47 46
224 219 206 200 170 117 46 35 113 163 188 177 209 218 218 213 202 200 208 209 215 215 211 226 237 234 233 228 219 213 228 238 244 239 156 123 172 194 193 209 209 160 168 187 83 67 71 92 102 111 121 133 135 141 149 171 169 174 174 186 195 199 209 206 207 210 213 213 217 222 212 212 209 209 210 215 192 204 197 192 180 55 0 0 2 1 9 21 31 40 26 47 47 44 42 42 37 31 33 17 20 17 30 32 33 35 33 36 34 33 31 35 44 39 40 37 44 39 40 45 45 39 46 49 44 52 44 53
219 223 219 218 188 188 128 34 47 168 172 185 223 208 205 208 206 206 212 214 219 215 212 230 235 232 233 231 225 212 220 230 227 219 194 176 205 206 213 200 200 172 202 230 93 64 92 102 125 130 131 132 134 136 153 156 166 179 181 194 196 196 204 206 207 208 209 213 214 214 218 217 209 207 209 207 210 188 194 190 164 42 1 0 0 0 2 14 16 30 35 36 35 39 41 36 33 26 20 17 14 30 34 28 28 35 41 36 34 33 36 42 42 44 41 42 46 45 39 42 40 41 44 66 42 45 48 56
158 189 194 200 201 205 197 160 64 174 182 196 214 193 190 190 187 196 209 213 224 220 222 235 237 240 238 238 221 220 231 209 155 126 185 214 211 212 213 200 200 207 233 194 37 81 107 123 128 133 141 155 159 159 162 164 174 180 188 197 201 205 205 206 208 207 212 209 214 218 214 222 222 213 209 208 212 196 190 182 154 23 2 0 0 0 3 8 11 29 37 32 34 33 28 34 24 23 16 6 20 27 26 28 29 32 35 33 37 41 41 43 46 44 40 42 40 45 42 45 43 42 41 44 44 48 46 46
42 149 197 197 201 206 214 196 192 208 224 218 208 163 119 157 162 194 200 206 201 205 222 235 232 244 231 243 239 201 195 155 173 183 195 200 209 219 215 215 222 219 123 27 40 113 130 142 151 147 144 149 155 151 161 167 176 184 193 200 204 207 207 207 217 212 214 212 212 214 214 220 213 218 207 208 208 212 184 175 135 17 0 0 0 0 0 2 16 26 26 22 32 27 24 21 11 9 7 15 26 28 23 24 33 33 35 33 41 41 39 34 42 42 37 39 41 43 35 40 43 39 40 42 46 49 46 47
0 7 90 141 160 154 167 189 209 211 209 207 196 181 134 192 207 222 219 222 224 208 196 209 207 225 228 241 237 168 95 155 161 155 161 196 226 240 240 227 139 41 1 2 47 117 142 155 157 155 144 139 139 136 148 166 182 186 189 201 205 207 209 207 214 218 218 220 215 221 215 219 218 217 218 211 207 211 195 163 111 4 0 0 0 0 0 1 2 4 10 17 20 29 32 15 11 8 13 20 28 26 28 30 30 32 35 45 42 42 44 39 36 44 39 34 39 37 37 37 40 39 42 41 45 46 44 58
21 9 8 19 65 105 157 175 163 149 179 185 226 224 211 205 206 225 230 237 230 238 226 224 194 193 204 212 219 153 148 154 177 148 194 219 235 197 120 174 135 28 5 6 35 91 135 133 136 125 125 117 111 121 151 173 184 184 198 202 205 213 208 211 214 219 219 222 221 223 217 217 217 217 212 220 210 209 205 145 82 4 0 0 0 0 0 0 0 5 9 7 10 21 16 9 7 5 29 34 27 31 32 35 34 29 36 39 42 44 43 41 42 45 41 42 40 36 39 40 39 35 35 45 42 46 46 48
171 181 186 193 186 162 135 134 75 46 95 163 209 235 223 218 218 211 204 213 224 218 202 205 200 208 220 226 226 198 171 183 222 232 233 204 159 55 93 70 214 149 21 14 15 52 98 108 108 95 98 100 116 146 164 181 187 185 195 199 202 209 210 215 219 215 219 218 220 221 225 227 222 219 219 217 210 208 212 153 73 3 0 0 0 0 0 3 2 0 3 2 5 2 9 4 0 23 30 30 31 35 35 37 33 32 32 35 41 46 37 41 45 43 40 36 37 42 39 45 42 41 44 44 42 45 65 68
185 185 194 198 195 202 194 194 195 184 180 172 182 195 186 181 179 180 193 185 190 198 209 221 240 243 226 212 204 163 125 144 201 208 196 176 162 142 151 110 174 166 84 64 44 61 86 110 132 145 159 174 177 177 174 171 192 192 195 199 204 212 209 212 215 219 222 220 228 228 223 225 225 218 217 217 215 208 211 169 51 2 0 1 0 0 0 0 0 0 1 3 2 0 6 0 10 37 39 34 35 31 31 28 31 33 36 39 40 41 41 42 44 43 44 39 42 40 43 42 40 39 44 42 43 54 69 81
190 189 188 190 193 194 193 185 182 181 183 183 189 186 197 208 207 198 146 71 119 124 84 87 106 151 154 153 148 141 180 193 183 151 143 156 164 177 182 186 185 198 204 204 209 201 198 198 199 195 187 175 179 185 186 190 192 197 198 196 198 200 202 211 211 215 226 224 230 231 231 227 222 220 220 214 214 209 209 195 43 4 0 0 2 8 0 0 0 0 0 0 1 0 0 1 32 46 43 36 39 33 33 30 33 31 39 39 41 39 40 45 43 40 44 39 43 41 42 39 44 40 39 37 67 57 61 105
190 197 197 187 198 192 184 189 177 186 193 198 202 195 201 204 202 211 224 220 142 46 4 0 0 23 100 130 148 153 143 138 158 156 167 171 176 181 186 187 184 188 183 194 192 188 188 186 185 195 200 199 194 200 197 207 201 202 208 202 202 208 207 212 213 218 222 226 228 231 233 231 225 222 221 215 212 211 209 204 62 10 0 0 0 0 0 0 0 0 0 0 0 1 0 18 54 36 35 37 37 33 33 37 45 36 44 39 42 42 43 42 43 41 44 46 43 43 44 43 41 39 40 36 44 75 78 124
193 196 196 197 197 193 188 193 181 189 195 194 201 201 197 196 194 199 204 208 219 195 55 3 0 0 28 119 125 108 121 136 136 155 162 176 186 188 190 206 204 195 195 202 204 199 201 206 204 198 209 210 202 208 197 202 202 204 205 201 205 205 209 211 232 215 218 222 226 232 233 233 228 224 220 215 211 212 210 205 82 7 2 0 0 0 0 0 0 1 0 0 0 0 9 47 55 33 35 33 36 41 39 36 40 37 33 37 41 46 51 45 44 42 48 45 45 46 44 45 39 47 40 44 56 86 108 139
192 197 192 189 194 193 193 186 189 195 195 199 197 201 201 196 194 208 202 202 211 214 198 60 4 14 60 117 107 116 141 141 150 162 172 181 195 194 199 204 211 212 202 204 206 210 205 202 209 202 204 204 210 208 206 204 200 201 204 204 205 202 206 205 214 224 212 221 225 230 234 234 232 224 221 215 212 212 205 204 108 9 0 0 0 0 2 0 0 0 0 0 0 3 43 59 42 34 33 32 32 39 39 32 39 37 42 39 40 45 39 47 45 44 42 51 45 40 46 44 42 41 46 47 91 113 137 174
193 193 197 195 198 195 196 196 198 202 201 199 202 198 198 198 206 209 202 209 209 206 210 195 143 85 92 113 137 144 156 156 155 161 174 181 188 195 198 205 209 208 204 205 205 206 209 208 207 208 206 206 207 207 211 204 210 204 209 207 197 206 205 208 206 221 218 222 225 231 227 222 231 222 218 217 215 210 202 201 134 6 0 0 0 0 0 0 0 0 0 0 0 19 62 45 40 34 32 32 34 39 42 36 36 43 39 41 34 45 43 43 53 47 48 48 48 42 43 44 39 46 49 62 118 162 183 199
190 201 198 197 197 202 202 206 204 208 201 207 205 204 205 199 204 208 202 207 211 208 208 187 193 130 92 129 148 155 153 156 157 169 174 176 188 195 194 199 208 206 211 206 205 205 207 209 207 209 206 207 209 210 206 211 205 207 206 204 204 204 204 202 211 215 222 225 226 227 231 234 228 220 217 215 218 212 204 199 154 15 0 0 1 1 0 0 0 0 0 0 10 46 43 31 34 32 33 34 33 32 41 40 45 37 44 40 41 36 45 48 59 65 49 47 52 51 44 47 49 53 64 100 164 195 202 209
201 194 193 194 198 205 201 204 208 206 204 209 200 205 207 206 208 205 208 210 208 212 211 200 177 116 75 133 148 150 158 160 161 166 177 172 176 192 197 196 207 201 206 210 206 206 207 212 208 208 206 204 206 209 211 212 213 212 211 207 210 209 213 209 206 213 219 228 225 227 228 231 231 224 218 219 223 214 206 201 171 15 0 0 0 0 0 0 0 0 0 1 32 42 34 30 28 26 36 34 42 35 39 36 39 41 40 42 45 44 42 44 43 53 53 51 53 52 48 52 58 59 97 157 196 213 221 224
190 188 194 192 194 198 202 206 204 201 201 201 199 199 206 204 209 213 214 212 210 211 206 206 196 166 100 129 147 150 154 162 160 170 183 184 181 186 196 195 202 209 212 208 208 208 207 214 213 212 208 209 209 213 214 219 223 222 219 223 223 218 211 208 211 218 218 219 226 228 227 231 227 224 219 222 224 219 208 199 181 18 0 0 0 0 0 0 0 0 0 23 44 31 27 32 28 32 27 30 32 35 36 42 34 40 34 46 47 42 43 42 49 52 51 52 51 48 44 51 66 74 119 185 218 227 236 238
192 194 190 192 196 193 200 205 202 206 197 195 198 201 201 207 211 219 226 227 215 212 210 207 197 185 122 112 136 145 134 159 164 170 176 185 189 190 190 198 201 207 206 209 218 215 214 212 218 219 222 222 220 224 228 232 232 233 234 234 233 227 217 214 208 210 211 213 223 231 224 228 227 226 222 220 223 221 202 199 185 22 0 0 1 0 0 0 0 0 17 41 35 36 29 27 24 27 31 36 31 39 42 39 40 39 42 43 45 41 40 44 44 43 47 45 52 45 45 58 75 83 157 193 226 238 238 244
195 190 189 188 195 195 204 206 201 200 197 198 197 201 204 207 219 231 236 236 232 228 220 218 201 187 139 107 130 144 151 151 169 177 173 185 188 187 187 194 195 204 211 211 212 213 208 213 219 227 238 239 238 238 239 241 241 241 243 241 240 233 228 214 213 214 213 218 222 231 225 227 224 224 220 217 221 217 204 196 186 24 3 0 0 0 0 0 0 3 36 35 31 24 29 31 28 33 34 33 35 35 37 43 43 39 43 40 40 39 37 48 44 44 46 54 51 51 60 68 69 104 176 208 230 239 244 240
197 185 184 187 205 196 204 202 205 198 198 204 199 208 204 212 225 238 243 243 241 239 237 227 212 192 135 121 135 145 149 158 162 171 179 182 173 181 188 195 198 198 207 207 202 207 206 211 223 219 232 244 246 246 246 245 245 245 244 244 243 240 236 219 214 213 215 218 219 227 223 223 222 221 221 213 219 217 207 196 187 28 5 0 0 0 0 0 2 28 40 37 30 22 20 30 33 28 28 33 32 39 42 44 43 45 47 44 44 42 44 48 45 47 49 55 52 46 64 84 91 151 195 212 235 243 246 241
195 196 189 188 195 195 200 201 199 198 198 200 202 200 202 217 231 238 241 245 245 243 241 237 231 217 153 119 137 143 151 153 162 170 169 177 173 174 182 188 201 200 202 206 205 207 199 202 214 227 228 241 246 247 247 247 246 246 245 245 243 240 233 222 212 211 213 212 218 225 222 225 219 218 213 215 218 212 202 198 190 32 5 0 0 0 0 0 18 28 35 29 29 20 26 34 29 23 34 32 35 35 40 46 45 45 45 42 44 40 46 47 48 46 45 45 48 49 73 106 113 170 201 221 237 245 245 237
188 188 194 199 198 196 197 196 193 200 201 196 196 207 205 212 228 240 244 245 246 246 244 243 239 233 171 118 139 146 155 161 167 175 171 162 171 181 177 186 198 198 201 205 207 210 205 206 210 219 227 237 245 247 246 246 246 244 243 244 241 235 228 219 213 208 214 211 211 223 224 221 218 214 211 215 217 207 200 196 186 27 5 0 0 0 0 2 33 32 30 29 32 26 23 22 26 23 31 30 36 36 44 44 44 45 47 44 42 43 43 40 48 48 45 48 53 55 69 144 168 175 206 230 244 245 240 230
197 193 192 189 194 199 197 194 194 194 205 202 204 210 208 220 227 240 245 245 245 245 245 243 243 239 179 106 142 145 151 158 158 163 172 159 168 174 179 183 190 190 202 205 205 209 213 210 212 215 224 234 244 246 244 245 244 243 240 238 231 230 220 210 206 204 207 212 217 215 224 221 213 217 211 212 214 204 198 199 186 28 3 0 3 2 0 17 28 30 26 21 26 27 29 26 31 31 29 35 37 37 43 47 46 49 47 43 45 41 43 45 52 45 44 48 44 60 85 132 187 202 209 237 244 244 236 215
195 190 196 194 199 205 197 186 190 196 199 206 205 212 217 221 231 240 244 244 244 244 244 245 244 240 190 113 124 143 156 157 160 156 160 160 162 176 174 177 184 193 194 199 206 201 211 212 212 218 224 232 236 243 241 241 240 235 235 231 223 223 212 209 201 204 208 208 212 215 222 220 211 214 214 214 211 207 199 197 181 23 8 4 0 1 5 23 32 27 22 28 31 34 30 32 33 33 35 35 34 37 45 45 54 51 46 47 45 55 49 48 48 52 51 51 55 64 85 148 198 213 225 243 248 238 228 197
188 187 186 189 195 195 195 190 196 195 195 205 215 221 224 230 228 237 241 244 244 243 244 246 244 238 201 119 121 139 156 154 158 153 159 155 164 170 171 180 183 188 187 193 200 202 205 211 212 221 220 228 231 235 236 234 234 234 230 223 215 212 208 207 205 206 211 210 210 213 218 219 214 214 213 213 209 202 206 196 179 22 6 7 4 4 15 23 27 21 29 23 27 26 36 31 35 33 39 34 35 37 37 45 48 52 51 47 48 44 47 47 52 47 54 51 54 58 83 139 183 221 230 238 241 231 215 168
186 187 188 188 189 196 195 193 196 195 201 211 221 220 222 224 228 235 236 240 241 243 244 244 241 235 206 144 111 132 146 148 146 145 155 157 158 168 170 172 182 183 187 190 195 201 200 202 207 212 215 220 221 222 224 230 231 225 223 215 210 208 206 208 204 206 202 204 211 208 214 215 212 214 215 211 207 204 204 196 174 16 2 0 0 0 14 24 21 20 24 30 23 32 31 34 40 34 37 36 40 41 40 45 51 52 49 53 48 51 43 46 49 47 49 54 64 61 98 156 194 215 227 236 231 220 195 122
192 186 181 187 190 190 193 196 202 198 206 213 221 224 223 225 226 226 228 234 237 234 236 239 239 234 210 161 125 137 139 141 142 143 145 154 159 159 158 175 176 179 183 194 197 194 196 194 199 205 211 210 211 219 219 221 222 220 212 210 204 200 205 211 207 206 204 205 211 208 211 212 213 212 208 211 204 202 204 199 162 14 0 0 1 1 29 18 18 22 23 24 27 28 29 34 41 43 39 37 44 42 39 43 47 47 51 49 46 46 45 46 51 56 49 60 57 92 104 162 197 215 219 221 214 196 136 84
183 183 179 183 187 195 198 200 200 201 210 211 218 219 220 221 222 218 215 218 221 221 227 233 233 228 215 174 137 129 134 145 155 137 149 148 155 150 162 167 171 175 181 188 192 194 192 183 189 196 201 202 204 207 213 212 217 206 208 207 209 205 202 210 202 205 204 201 206 207 209 210 211 210 208 209 204 206 204 197 149 9 0 0 0 5 16 17 13 9 20 27 23 29 28 33 39 41 35 36 42 39 41 48 51 48 46 48 48 46 42 51 59 56 59 58 64 94 136 179 197 213 211 210 190 153 81 56
176 172 176 182 184 195 198 199 199 204 207 210 208 213 213 213 213 209 207 212 212 223 225 230 226 224 215 184 137 129 130 139 145 136 146 145 156 150 155 159 166 173 177 185 179 185 188 186 187 194 193 194 200 196 200 209 210 208 207 205 206 202 202 207 204 206 202 202 207 206 207 206 211 205 205 206 206 205 208 200 123 7 0 0 0 14 18 17 18 17 15 21 19 30 31 32 35 44 40 45 40 40 42 43 44 47 46 47 51 48 47 55 54 49 56 58 81 118 159 183 196 207 206 192 156 96 65 51
173 168 177 180 190 194 197 199 196 202 208 205 202 207 210 209 208 204 205 209 213 219 223 220 220 220 214 188 148 120 125 139 139 139 137 146 156 150 156 161 162 181 182 186 184 183 189 186 186 185 189 194 193 194 192 202 204 202 207 205 207 202 202 201 201 202 200 201 207 202 201 209 207 206 204 202 208 204 201 198 103 6 0 0 0 5 15 15 11 14 15 19 27 24 27 32 39 43 37 42 36 41 42 49 45 52 52 49 51 52 46 54 56 68 56 65 82 128 173 186 193 202 200 174 125 80 57 45
170 170 184 184 187 190 188 197 193 197 202 198 194 195 205 200 200 202 202 204 206 213 209 210 207 206 201 176 144 128 135 129 139 132 137 146 145 151 148 159 167 172 173 185 182 184 189 185 188 186 187 188 192 192 193 201 204 202 207 209 202 200 202 204 202 201 201 198 205 205 206 207 201 206 204 202 204 204 201 194 84 7 0 0 1 8 13 4 14 18 19 22 23 28 27 37 37 34 39 37 36 41 45 47 52 53 55 47 46 49 47 48 47 54 64 69 99 143 175 188 193 190 186 150 86 57 53 52
163 170 177 188 189 192 189 195 195 194 196 199 196 194 198 197 197 207 207 202 201 206 202 207 199 202 197 185 156 141 132 129 131 132 134 146 153 164 157 156 169 173 174 174 179 185 185 185 184 182 184 181 189 196 194 199 200 205 205 202 202 201 199 202 205 204 199 196 205 199 205 204 204 197 199 204 204 202 200 201 75 6 2 0 2 17 8 8 15 18 22 26 30 27 30 34 40 35 35 39 44 46 49 51 49 49 47 46 48 54 53 51 54 56 73 77 116 153 179 186 183 189 172 115 69 56 49 46
155 163 173 180 190 188 189 193 188 197 198 198 196 197 201 198 198 199 195 200 201 204 205 199 202 197 188 170 155 136 122 129 133 145 138 143 150 156 161 155 159 167 174 180 173 180 184 182 180 182 189 186 189 190 192 199 198 200 199 202 201 200 201 199 200 198 197 197 199 198 204 204 202 201 201 206 208 202 201 198 55 5 0 0 5 15 9 15 17 17 23 28 29 30 27 32 35 33 42 39 41 51 47 53 52 49 45 47 49 47 51 54 53 56 72 87 119 147 173 182 167 159 131 82 58 51 52 43
159 159 169 180 182 183 194 188 187 193 193 197 197 194 196 198 193 196 200 199 196 196 201 200 196 190 186 172 153 143 133 133 130 145 143 156 159 159 162 155 167 172 170 172 174 180 176 174 181 180 184 186 189 195 193 199 196 199 199 200 200 201 197 196 201 197 189 195 195 193 199 202 202 197 202 204 205 202 201 190 39 3 0 0 4 15 11 13 17 17 21 24 32 32 36 32 39 34 41 37 40 44 45 49 52 51 43 49 49 52 47 49 51 59 77 90 130 157 175 175 162 146 100 70 53 45 49 47
156 168 166 176 183 186 183 187 183 194 189 195 190 195 192 189 197 196 192 193 194 192 194 195 189 184 175 160 154 142 133 133 137 137 145 154 158 156 156 159 164 161 166 174 174 175 175 173 179 177 183 187 185 189 196 197 199 199 200 198 196 198 194 197 197 193 192 190 194 194 202 199 202 202 201 201 205 198 196 176 26 4 0 0 5 11 8 15 20 23 22 21 26 33 26 33 35 36 40 39 41 48 51 49 48 46 49 52 48 46 48 53 54 60 73 93 133 160 163 154 132 130 90 65 49 48 48 47
154 163 162 170 177 182 184 192 180 188 194 190 185 190 185 187 183 189 188 189 187 193 194 189 186 180 166 158 154 144 135 136 141 134 139 153 158 155 149 142 156 158 167 172 171 176 169 174 177 177 179 184 188 190 193 193 196 199 197 199 192 197 198 196 198 194 196 194 189 195 200 201 202 202 205 201 207 200 196 167 14 1 0 0 0 13 10 15 17 22 22 20 26 27 28 29 30 33 35 44 43 46 46 41 51 48 47 53 48 53 52 52 54 59 75 100 145 160 157 141 128 123 80 65 55 48 46 42
156 159 160 168 175 176 180 185 186 181 187 189 187 190 183 185 186 177 180 181 177 190 181 181 183 179 164 160 150 143 131 125 136 132 133 149 146 153 146 149 151 154 161 166 167 169 166 171 174 180 177 180 181 184 189 188 190 193 194 189 194 198 197 196 196 196 189 189 187 195 200 200 201 201 204 207 202 200 194 146 15 8 0 0 4 10 13 13 17 20 23 22 30 37 28 32 32 40 40 36 47 47 45 43 49 51 45 46 46 51 55 49 56 60 71 105 143 155 148 142 155 143 88 68 47 47 45 36
154 160 156 170 167 169 180 186 186 177 189 189 183 193 186 179 187 184 182 182 181 183 187 177 180 179 169 153 160 144 136 133 137 141 136 153 153 151 153 146 148 160 163 162 167 170 164 170 170 167 169 174 177 176 181 185 186 190 187 192 189 196 195 196 193 197 194 184 190 196 200 204 199 197 200 201 196 192 192 113 11 7 2 0 4 10 15 16 21 22 24 27 33 32 28 37 35 39 40 44 42 47 44 44 44 47 45 49 52 48 65 49 55 59 69 97 134 144 153 160 153 129 78 56 49 43 40 42
157 160 151 163 160 171 174 181 181 177 184 187 188 190 187 186 182 185 182 179 175 182 186 176 171 166 164 159 151 147 143 144 141 136 144 147 156 155 149 154 157 163 171 163 161 172 171 172 171 177 177 175 185 183 185 187 184 185 186 185 186 194 188 193 189 193 187 184 184 192 196 204 199 195 196 196 197 188 194 82 11 2 3 0 3 14 10 11 13 19 22 28 28 31 28 31 32 36 40 42 44 45 43 51 44 47 46 52 53 51 51 52 54 54 66 91 113 133 147 142 136 96 64 47 48 47 36 40
150 161 158 157 158 168 171 173 175 174 186 188 189 187 187 181 184 185 182 185 183 184 181 177 174 168 158 164 155 149 151 142 135 149 159 156 155 151 149 149 149 156 169 168 164 161 162 174 174 173 179 181 181 180 189 187 187 186 187 189 187 196 196 195 197 190 188 187 192 196 198 201 199 198 200 197 201 190 187 49 1 2 7 0 4 6 10 18 18 22 24 23 28 28 33 34 36 42 33 40 44 43 46 46 45 43 45 48 49 45 54 56 55 52 66 86 112 124 142 126 111 73 51 51 45 45 41 44
145 153 161 162 168 161 161 180 182 188 183 187 188 185 184 180 179 176 182 184 180 184 188 179 179 172 161 161 158 151 151 143 137 161 159 159 166 156 157 148 153 163 164 162 160 162 167 164 171 172 172 174 180 183 182 189 187 185 184 183 188 188 189 199 197 189 192 189 193 193 200 198 198 199 200 199 196 194 183 23 3 3 3 0 4 4 13 19 19 31 30 27 26 28 32 34 34 33 34 39 48 45 45 45 46 49 42 44 45 52 54 56 74 56 61 90 110 125 133 113 87 62 48 45 41 34 40 41
144 158 153 146 157 160 164 172 179 182 182 182 183 184 180 176 176 176 175 177 184 183 184 177 169 163 160 164 158 153 151 155 151 148 158 166 158 158 156 153 150 159 163 163 158 160 171 163 171 173 171 172 176 174 182 185 182 177 181 183 185 189 189 196 189 188 183 183 193 196 196 195 195 199 202 198 197 196 171 9 2 0 1 0 0 5 20 19 29 19 27 27 27 31 33 35 41 35 40 40 39 44 45 40 45 45 40 47 46 46 53 56 58 55 61 81 105 121 110 79 58 52 49 41 36 36 41 45
148 148 147 153 159 157 168 172 175 174 185 182 180 183 175 179 173 172 176 175 179 181 174 172 155 157 154 149 141 151 153 150 148 154 155 155 145 151 148 153 151 158 160 161 161 164 166 169 173 171 169 169 176 180 175 182 181 180 187 182 182 187 189 192 193 186 192 189 190 190 193 193 195 196 196 192 190 192 148 13 1 0 1 0 4 10 24 23 26 24 23 31 27 31 30 34 36 40 37 40 42 43 40 46 44 43 43 49 49 45 54 52 48 53 58 67 90 97 82 71 62 46 39 36 41 36 40 34
151 143 139 153 157 159 161 166 172 177 184 184 180 180 176 179 177 176 180 171 175 172 170 164 166 149 150 149 144 142 146 145 146 148 158 161 141 151 148 160 159 157 158 168 157 154 159 159 164 173 174 173 172 173 175 181 183 182 187 181 189 190 189 192 190 190 192 192 196 189 197 197 197 194 193 192 192 192 133 11 0 1 4 2 0 8 17 19 23 29 28 29 30 27 33 32 37 33 36 40 40 44 40 43 44 43 42 46 46 45 46 53 48 53 64 72 79 81 72 69 58 46 47 42 36 39 39 30
132 139 142 151 151 157 159 163 169 174 182 186 181 182 184 180 181 183 181 176 176 173 172 164 160 144 144 143 142 145 145 147 153 149 156 160 170 161 157 162 161 154 164 164 161 150 158 159 168 173 173 172 173 173 172 184 181 182 185 182 192 184 190 189 187 193 189 190 193 190 198 196 198 198 190 194 197 198 117 9 2 0 5 1 0 7 9 17 22 27 27 27 32 32 39 36 36 39 34 41 43 36 44 39 39 37 39 46 52 47 49 52 52 58 55 56 62 71 64 64 54 49 42 35 30 36 32 30
145 144 137 148 149 156 161 166 162 167 176 179 185 183 180 179 179 180 177 181 174 174 170 169 150 142 142 141 137 142 147 149 151 156 159 166 161 158 157 160 166 161 168 157 162 153 162 167 168 174 174 171 171 182 177 176 181 180 177 175 181 183 185 188 189 188 187 188 186 186 192 192 193 198 189 197 198 197 100 10 0 0 7 7 4 7 11 16 20 24 33 33 34 32 35 39 35 45 42 42 44 45 42 39 41 40 42 43 44 54 49 49 55 51 51 55 54 60 58 56 52 49 45 41 36 32 28 24
136 136 136 136 142 147 157 156 161 170 176 183 183 176 174 188 180 182 179 180 172 174 168 158 153 142 131 130 121 133 136 145 147 153 155 163 163 160 149 157 160 159 161 164 157 156 161 159 162 170 176 171 181 182 182 180 173 179 175 174 180 181 188 189 188 189 184 181 188 193 189 189 192 190 193 194 197 196 86 6 1 0 5 1 2 1 11 13 28 24 31 36 31 27 31 42 41 40 42 40 39 47 43 40 42 42 41 37 39 42 47 49 49 49 49 53 53 56 54 53 53 51 42 34 32 32 28 21
137 138 133 135 146 147 157 158 166 166 176 183 175 174 182 188 182 180 183 181 174 169 163 160 146 130 134 132 118 136 134 134 144 151 157 161 156 155 158 162 164 158 158 166 162 159 159 159 162 168 171 172 175 176 180 181 179 177 174 177 175 181 183 186 188 185 185 184 185 190 189 192 192 196 196 197 201 196 69 7 1 0 9 10 0 3 9 23 22 30 31 35 37 29 30 34 34 36 44 47 42 41 40 41 45 40 41 36 41 42 39 49 47 51 51 52 49 53 54 58 54 52 46 43 36 40 29 23
131 126 130 131 135 146 147 149 161 163 173 175 176 174 181 183 174 180 182 180 173 169 163 158 147 132 121 122 122 124 135 142 138 142 153 157 157 154 157 154 162 164 159 163 159 155 157 162 166 166 171 169 171 171 171 172 172 176 177 177 172 174 185 181 190 186 183 185 189 196 193 192 195 197 199 201 200 189 46 8 3 0 2 3 0 0 4 17 24 26 29 34 35 36 33 30 32 37 40 45 48 45 47 47 43 40 39 37 39 44 43 46 46 47 49 47 48 51 55 54 55 49 51 43 35 36 31 27
136 128 118 131 134 135 137 144 151 162 170 174 172 176 175 179 173 175 180 176 173 173 168 156 132 131 118 122 115 133 128 133 137 138 151 156 159 159 156 159 166 167 164 163 161 159 161 161 170 168 171 170 176 167 171 176 173 177 171 180 171 176 183 182 186 185 182 185 193 192 192 190 198 198 201 206 200 183 35 2 0 0 0 3 5 0 5 15 24 30 28 35 28 31 33 30 34 36 39 42 40 41 42 44 46 42 43 41 43 51 43 47 47 52 45 46 45 47 49 49 54 48 37 42 36 33 29 26
133 131 123 130 134 132 135 149 151 158 168 172 163 164 173 175 173 175 174 177 170 164 167 157 135 122 109 112 116 124 128 130 135 137 146 159 162 159 148 161 160 160 159 166 166 159 161 160 167 163 167 166 172 167 167 174 171 179 174 175 173 176 177 183 183 183 183 192 190 194 194 194 199 195 204 202 195 177 28 1 0 0 1 3 6 0 1 15 26 32 33 33 31 36 33 39 31 34 37 39 42 40 43 46 42 43 43 42 40 42 49 48 47 43 42 45 43 41 48 51 51 40 44 32 29 29 29 20
134 120 116 131 125 128 135 139 148 158 170 174 174 169 174 172 176 181 171 176 168 167 159 150 136 123 106 100 106 118 122 124 130 136 133 153 154 153 157 155 156 157 158 155 161 158 157 159 171 170 170 166 167 167 164 171 176 180 181 180 180 181 180 184 184 185 187 188 193 196 195 199 205 201 200 201 195 180 28 2 0 0 1 1 7 0 0 7 27 24 29 26 33 35 34 36 37 34 34 40 43 35 44 42 39 42 43 46 44 39 47 51 44 58 41 42 45 45 46 46 42 40 43 33 34 27 26 22
138 119 124 119 115 122 138 141 143 153 175 179 179 172 176 176 180 180 176 171 171 164 157 153 141 118 102 119 108 105 117 122 129 131 125 136 148 149 145 147 153 151 160 153 154 149 157 157 159 166 164 160 164 162 163 170 175 183 177 173 175 176 176 181 190 184 181 195 192 194 194 199 207 205 201 199 198 175 19 0 0 0 0 1 3 1 0 0 14 27 28 29 28 30 33 28 36 35 32 30 33 36 36 43 36 40 36 46 39 36 42 43 44 42 41 37 41 49 40 43 44 37 33 33 31 27 28 22
130 125 111 118 121 132 134 136 129 148 153 168 167 168 173 169 175 179 179 170 170 161 155 135 128 111 98 112 105 112 129 128 121 120 123 139 145 147 147 146 148 153 153 157 153 147 156 163 166 164 168 164 164 171 169 171 173 176 185 174 175 176 182 185 189 186 188 190 186 196 197 199 205 204 201 202 201 173 19 0 0 0 0 0 1 6 0 0 18 27 23 27 36 35 32 34 39 36 32 34 39 37 35 39 40 41 42 40 48 42 41 44 49 45 44 42 45 43 45 43 43 41 39 36 31 27 35 20
147 133 128 121 125 123 129 136 137 148 154 157 169 170 167 166 170 175 173 168 170 154 153 137 120 104 97 96 104 108 121 121 125 117 117 135 128 138 137 136 143 148 147 155 146 153 153 162 161 164 162 163 172 172 173 172 182 176 172 174 182 176 187 184 190 183 183 194 192 201 199 199 200 212 205 205 204 171 15 0 0 0 0 0 2 9 0 0 0 17 17 22 33 30 31 37 36 34 36 35 36 37 36 40 44 40 41 42 45 41 42 39 41 46 43 44 43 40 46 43 37 36 33 32 28 27 19 24
146 138 136 120 128 132 124 130 138 141 137 153 160 163 164 169 168 166 158 163 167 154 141 131 112 100 99 92 106 108 107 107 112 108 117 129 130 133 119 125 120 126 144 148 143 147 150 156 157 164 159 167 171 177 176 174 173 181 179 177 181 181 185 188 192 190 192 194 190 202 197 197 197 206 206 201 202 171 22 1 0 1 0 0 1 14 0 0 0 0 23 26 30 33 35 37 34 36 34 39 39 39 39 42 42 40 41 41 46 46 43 36 46 40 43 42 45 43 44 41 35 34 35 32 28 22 16 21
151 147 133 131 121 125 118 121 130 136 144 150 155 160 169 173 167 167 168 166 161 156 139 130 113 92 94 84 99 100 104 105 116 119 121 135 138 135 130 121 121 130 137 143 142 147 153 157 151 163 159 163 162 170 174 168 174 182 179 179 177 177 183 190 190 190 195 195 192 197 197 198 201 206 206 204 196 173 30 2 0 2 2 2 5 18 17 0 0 0 6 26 32 37 35 34 40 41 40 40 35 41 40 41 34 40 41 40 41 41 43 42 40 45 40 39 41 36 33 39 41 35 34 29 23 21 21 23
146 149 146 136 131 116 113 112 121 129 136 147 146 151 160 171 167 166 167 166 163 162 146 131 115 99 102 100 102 108 106 113 110 110 124 139 142 136 141 134 123 128 139 141 145 148 156 151 157 160 159 168 167 168 166 168 179 180 181 180 180 181 184 186 193 192 198 185 196 194 200 199 199 204 201 201 198 179 43 0 0 0 0 0 2 5 16 0 0 0 0 9 27 31 36 37 40 35 40 33 42 40 41 34 37 40 42 34 33 33 40 43 43 41 39 41 37 41 37 35 34 30 35 27 26 21 22 18
145 151 149 147 145 120 115 124 117 120 130 145 143 142 155 158 161 157 164 169 166 161 155 145 118 97 99 93 110 104 118 119 118 128 126 136 141 148 145 143 131 121 132 141 139 148 150 153 158 159 163 173 171 167 171 174 189 183 180 182 177 183 185 192 190 188 195 193 193 194 199 196 196 204 202 205 200 180 44 1 0 0 1 0 5 8 13 0 0 0 0 0 6 32 33 39 39 43 43 44 43 34 37 40 37 37 35 34 37 39 36 37 41 36 34 37 36 39 32 31 30 23 23 26 24 20 17 23
147 149 148 143 134 125 124 121 128 128 131 135 146 145 153 157 162 161 167 189 182 159 158 139 120 113 105 96 100 100 116 104 116 128 136 142 147 150 144 136 141 132 139 142 134 134 139 141 150 150 149 155 161 164 166 174 187 184 179 180 184 185 189 193 192 190 194 196 197 192 201 197 200 202 200 200 196 179 51 3 0 0 0 2 9 6 23 13 0 0 0 0 0 13 31 35 34 37 39 51 44 42 39 40 42 39 40 40 39 37 37 39 40 37 39 36 31 28 30 32 21 22 19 26 22 18 21 23
144 142 153 139 125 124 126 120 128 118 131 135 146 147 154 150 156 169 168 160 168 177 168 157 136 123 120 104 111 107 100 109 122 132 139 144 150 141 145 143 136 142 143 145 145 139 145 139 145 143 155 159 151 157 167 174 175 176 182 179 176 183 184 189 198 192 192 193 196 195 201 196 200 199 199 198 198 181 48 1 0 0 0 4 11 7 28 26 6 4 4 0 0 0 5 19 33 36 42 43 42 42 43 42 33 36 42 41 37 39 33 37 37 29 32 31 27 22 20 24 22 24 22 28 24 20 20 20
145 146 154 147 134 134 134 129 120 116 117 134 149 148 157 158 159 167 167 168 175 181 164 158 144 133 116 111 110 108 106 105 115 134 137 149 149 151 149 148 151 154 161 157 154 146 144 139 144 148 145 154 160 162 166 164 175 164 175 172 181 179 185 190 196 190 193 192 193 193 197 194 198 194 197 199 195 174 37 1 0 1 1 0 13 16 34 34 23 14 1 0 0 0 0 2 17 26 34 44 42 42 42 43 42 37 45 39 33 33 33 37 34 30 31 23 23 20 23 24 23 23 30 30 24 18 23 26
146 145 145 147 136 135 128 125 111 110 117 124 145 142 148 151 162 161 175 164 166 163 164 148 131 120 112 116 110 97 100 111 115 122 139 142 150 147 151 157 155 161 163 156 163 160 164 156 158 156 163 158 162 168 163 174 170 164 175 180 184 185 181 187 190 192 192 190 192 196 198 195 198 201 200 198 194 176 28 3 0 0 1 5 16 40 44 42 37 21 18 8 0 0 3 0 0 2 14 33 33 47 42 43 37 39 36 34 35 37 30 32 29 29 24 27 23 24 23 24 24 26 34 31 24 22 23 27
142 146 156 147 142 131 131 131 115 106 115 118 133 137 150 155 162 170 172 175 174 172 158 150 145 126 106 113 112 111 115 111 118 129 141 142 149 153 147 157 156 162 159 164 166 162 156 157 162 159 162 169 174 169 169 173 177 173 183 183 187 187 185 190 189 195 193 194 195 197 198 215 198 197 201 198 195 174 22 0 0 0 4 8 22 41 68 59 40 29 29 10 1 0 0 0 2 1 0 2 15 22 32 32 39 32 29 37 31 23 27 20 20 18 20 17 17 22 19 19 21 23 31 31 27 21 18 23
134 145 139 141 133 128 130 121 121 113 122 125 130 137 148 156 161 167 164 170 170 168 169 174 135 125 108 117 118 113 105 112 115 129 142 134 143 144 147 149 160 164 169 167 166 169 164 159 171 158 160 159 168 173 175 175 175 175 180 176 184 185 182 188 192 195 198 196 197 196 196 194 198 200 205 200 192 171 13 0 0 0 0 16 23 43 73 67 58 56 37 21 3 0 0 0 1 2 1 1 4 0 0 0 3 5 7 11 16 15 19 22 24 22 29 22 18 22 22 22 22 30 26 27 24 26 17 23
135 144 134 131 141 137 128 113 119 120 118 126 125 131 142 151 151 164 166 166 172 167 169 156 137 122 102 102 118 113 121 115 111 118 135 136 143 136 147 150 156 160 160 167 163 164 167 171 174 168 164 163 166 172 171 173 175 176 180 175 186 182 185 185 188 193 195 198 204 197 197 190 198 197 199 199 193 162 9 0 0 0 0 7 19 42 62 90 75 65 62 46 9 0 0 0 0 0 0 1 0 0 0 0 0 8 15 16 19 20 19 26 31 24 27 26 24 21 21 24 23 21 21 22 24 30 23 20
131 137 128 131 139 143 130 122 112 96 111 120 117 125 134 143 155 163 158 163 158 151 156 155 109 104 95 97 110 117 113 121 130 123 133 143 134 145 141 155 153 166 169 162 168 158 161 164 170 167 170 171 168 174 173 173 179 180 181 177 186 184 186 185 197 196 196 204 199 196 193 194 200 199 198 198 195 151 4 0 0 0 0 1 7 35 47 83 85 59 83 66 16 0 0 0 0 0 0 0 0 0 0 2 5 14 18 21 20 21 22 23 54 21 17 19 26 24 23 26 21 23 21 19 20 26 33 33
139 143 141 134 146 144 133 117 112 121 110 110 117 129 128 137 150 156 156 157 158 147 147 126 111 97 85 88 105 112 120 124 121 112 134 143 134 137 141 153 149 155 160 161 156 170 169 164 164 169 173 176 173 179 177 182 184 183 180 181 189 187 188 179 196 196 199 205 204 196 199 198 205 199 198 195 195 124 3 0 0 1 0 0 1 21 46 68 85 74 94 129 53 2 0 0 0 0 0 0 0 0 1 8 13 21 23 36 23 20 27 23 28 19 29 36 23 27 19 22 27 20 18 22 24 31 27 26
126 132 134 134 136 149 141 128 123 124 110 104 94 122 123 142 151 158 162 157 153 154 144 132 111 113 93 97 97 100 113 130 115 124 129 139 135 136 145 151 160 153 158 164 161 168 164 169 180 175 171 168 174 179 175 184 180 184 184 177 186 190 188 186 196 201 200 206 200 199 194 195 205 200 199 198 192 96 1 0 0 0 0 0 2 10 27 55 65 65 96 192 150 19 1 0 0 0 0 0 0 1 7 8 11 18 28 23 20 21 27 31 28 17 19 42 26 24 21 27 23 20 20 22 28 40 28 22
126 130 143 143 143 141 135 129 124 121 116 111 100 118 125 136 151 156 158 155 148 145 134 126 113 99 85 94 91 106 113 122 122 120 126 143 141 136 148 153 160 160 160 167 167 167 167 170 176 174 173 173 180 179 185 182 182 193 186 184 184 183 185 190 197 197 200 199 196 195 195 195 201 204 201 195 189 74 0 0 0 0 0 0 0 4 18 36 43 54 72 146 205 34 0 0 0 0 0 0 3 11 10 8 15 21 26 22 22 30 26 28 24 28 23 26 26 23 22 24 26 22 16 17 24 23 23 19
119 123 139 143 132 133 132 125 115 123 115 117 107 120 130 136 148 153 154 155 142 147 133 123 105 91 86 85 87 98 111 112 124 136 129 136 136 144 153 154 169 162 162 164 166 171 171 177 174 177 180 180 175 179 183 182 185 189 186 181 185 186 183 188 198 201 202 201 197 198 195 195 200 195 198 194 184 45 0 0 0 0 0 0 0 5 4 9 26 36 47 72 194 80 1 0 0 0 0 1 6 10 14 10 20 23 26 30 32 28 27 26 37 31 28 28 21 27 29 23 28 26 19 23 23 26 21 27
109 126 141 149 139 141 144 123 126 110 110 117 116 131 133 141 148 151 148 148 143 136 143 129 96 82 79 95 85 94 106 100 116 134 129 136 139 143 148 154 159 155 161 160 161 173 173 174 169 174 180 180 183 175 183 184 183 182 184 184 192 190 190 186 200 202 201 197 201 199 198 192 198 193 194 193 177 22 0 0 0 0 0 0 0 0 0 1 7 11 14 17 104 130 3 0 0 0 0 3 1 5 19 16 13 19 21 26 29 29 37 31 28 32 33 28 28 27 24 26 26 24 24 24 20 22 23 22
120 128 136 148 147 138 137 136 121 105 113 124 120 122 130 137 142 145 146 141 149 145 137 123 95 75 88 85 91 100 95 96 115 130 124 132 139 143 148 155 150 158 156 164 164 164 167 174 166 176 180 176 177 180 180 185 185 187 187 187 185 187 185 189 194 193 199 194 197 198 195 195 193 187 196 196 166 10 0 0 0 0 0 0 0 0 0 0 1 6 0 2 9 57 0 0 0 0 0 1 8 13 17 19 24 31 19 31 33 40 31 35 31 31 28 33 23 28 30 21 18 24 24 19 21 24 29 27
133 134 146 149 142 133 123 121 115 116 110 109 118 116 134 136 136 148 156 154 144 145 135 118 105 93 78 90 87 99 94 93 110 125 135 120 131 133 149 157 153 151 155 168 170 172 172 172 169 171 172 176 173 170 171 182 183 180 187 187 183 187 182 188 196 195 198 197 194 193 195 190 194 187 194 192 119 3 0 0 0 0 0 0 0 0 0 0 0 0 0 0 0 5 2 0 0 0 2 7 8 16 17 26 24 29 34 33 32 34 34 36 39 36 34 28 30 27 26 23 24 15 19 16 20 20 28 21
129 144 143 146 139 139 130 125 113 121 110 120 120 122 135 137 143 145 149 153 150 150 135 104 97 85 85 96 92 86 97 106 118 128 130 137 131 132 145 153 151 154 160 164 159 164 173 169 170 169 172 176 175 170 175 186 183 179 179 184 181 188 185 190 193 196 196 195 194 194 192 196 192 199 196 188 67 0 0 0 0 0 0 0 0 0 0 0 0 0 0 0 0 0 0 0 0 0 3 8 15 22 17 22 28 27 32 35 35 40 37 33 37 31 26 28 28 28 28 26 22 18 21 23 24 26 26 21
141 146 148 150 144 134 129 128 122 121 113 113 123 129 134 134 134 159 155 150 150 134 117 104 93 71 85 86 99 97 92 92 94 106 116 119 113 132 141 147 149 150 148 155 159 161 157 170 169 177 177 172 180 176 177 181 185 181 180 174 179 181 184 187 190 201 190 192 195 197 190 192 192 194 190 171 19 0 0 0 0 0 0 0 0 0 0 0 0 0 0 0 0 0 0 0 0 0 1 11 22 18 17 23 24 31 34 40 39 39 32 36 32 29 29 26 32 26 27 29 24 21 20 20 24 26 30 32
124 137 146 145 148 142 139 133 137 113 118 131 136 129 137 143 147 149 146 143 141 135 113 96 104 86 81 103 98 100 92 92 102 106 107 112 111 124 133 135 145 145 151 159 146 154 158 168 166 168 173 175 179 172 177 175 180 187 180 179 175 180 181 183 190 200 190 193 197 188 186 190 185 188 182 144 5 0 0 0 0 0 0 0 0 0 0 0 0 0 0 0 0 0 0 0 0 0 4 11 21 19 21 26 32 37 39 43 40 40 32 28 31 39 29 27 29 30 26 22 19 20 22 23 27 29 33 27
130 136 149 154 157 147 129 131 123 129 126 123 122 133 143 142 155 155 147 143 135 133 129 99 122 113 83 106 96 100 93 94 116 113 115 115 105 123 128 124 122 130 142 144 156 160 163 158 167 164 170 174 175 171 174 174 182 181 179 175 176 175 177 189 190 194 195 190 192 189 192 188 185 185 164 108 1 0 0 0 0 0 0 0 0 0 0 0 0 0 0 0 0 0 0 0 0 0 3 5 13 17 20 22 30 34 49 45 36 40 35 31 31 37 28 30 23 27 26 21 18 17 22 15 22 23 26 30
136 143 149 149 151 143 132 129 124 126 126 125 134 134 142 142 154 150 149 149 141 119 108 91 87 70 86 93 96 102 92 83 85 90 105 104 115 120 125 111 121 130 131 137 147 149 158 161 164 162 176 173 174 172 179 176 180 177 173 172 179 177 179 188 194 204 198 190 192 188 182 187 181 170 189 45 0 0 0 0 0 0 0 0 0 0 0 0 0 0 0 0 0 0 0 0 0 0 2 8 18 16 20 28 29 35 51 44 36 37 39 39 33 30 30 28 21 29 21 21 21 17 24 27 28 32 33 33
137 137 146 150 157 150 141 136 128 134 132 134 144 142 148 146 153 163 150 147 134 117 112 92 82 62 71 75 87 90 80 73 90 84 80 87 95 111 104 106 107 116 125 120 135 135 149 157 166 169 170 171 169 174 179 176 179 177 180 179 181 183 187 196 197 197 193 190 190 193 186 185 174 150 148 5 0 0 0 0 0 0 0 0 0 0 0 0 0 0 0 0 0 0 0 0 0 0 3 7 17 20 26 26 33 33 31 37 32 39 43 45 35 30 24 34 23 27 24 24 21 26 26 24 28 34 35 32
137 132 147 156 158 151 149 144 137 135 135 130 137 141 139 146 151 150 153 137 133 118 94 94 83 61 74 74 84 85 77 71 66 80 68 75 84 90 84 92 104 102 117 118 129 135 149 153 159 166 166 166 171 171 175 164 180 177 175 177 180 182 187 198 199 196 192 186 190 180 187 179 164 102 28 0 0 0 0 0 0 0 0 0 0 0 0 0 0 0 0 0 0 0 0 0 0 0 0 8 16 18 23 26 31 30 37 30 35 34 34 29 34 30 26 27 26 21 26 23 21 26 24 28 31 34 31 33
132 141 147 154 150 153 141 142 139 136 132 131 124 136 148 142 151 147 151 146 133 135 113 109 81 66 75 72 88 84 72 74 72 82 70 70 77 92 85 96 82 92 99 115 132 133 143 147 154 159 166 163 160 174 173 176 177 176 173 179 183 182 190 198 193 195 190 187 187 179 185 173 148 92 8 0 0 0 0 0 0 0 0 0 0 0 0 0 0 0 0 0 0 0 0 0 0 0 1 4 16 18 21 20 30 26 32 32 36 32 29 29 30 29 26 31 27 22 20 24 28 26 27 32 31 33 35 29
133 146 146 153 153 149 144 145 143 134 126 126 130 134 141 141 149 150 153 149 139 121 133 108 90 69 60 64 69 71 77 67 60 64 65 74 73 82 86 86 83 87 97 110 124 129 149 150 156 159 166 162 171 167 174 173 180 179 182 177 176 187 193 197 194 198 189 190 188 182 186 169 120 133 3 0 0 4 14 16 21 21 18 13 3 0 0 0 0 0 0 0 0 0 0 0 0 0 0 0 7 16 14 18 26 32 31 31 29 27 30 35 29 27 22 28 31 34 29 32 29 26 27 33 33 36 34 33
136 150 147 153 157 158 155 144 144 144 134 137 130 142 132 139 148 148 145 145 144 129 131 112 79 81 58 66 58 57 71 66 72 66 65 70 64 70 85 90 91 98 105 115 124 133 141 142 149 157 163 158 161 170 174 174 177 173 176 174 179 187 195 193 194 194 193 193 189 182 173 154 59 11 0 10 48 53 57 53 53 54 59 61 53 44 29 19 1 0 0 0 0 0 0 0 0 0 0 0 7 7 10 20 24 22 30 27 26 29 30 30 26 28 26 27 26 27 27 26 26 29 31 32 29 32 36 37
128 148 148 154 164 163 156 150 144 133 141 129 122 144 136 137 144 146 151 136 134 125 123 103 86 62 49 54 57 59 65 52 57 61 65 80 72 72 75 93 92 87 100 104 129 139 129 130 142 145 151 162 166 159 163 170 181 177 169 177 186 184 190 190 188 186 189 194 186 175 160 95 11 2 47 49 53 62 69 65 56 53 58 69 58 54 53 52 45 29 11 0 0 0 0 0 0 0 0 0 0 8 15 18 21 24 32 27 24 27 27 21 28 31 29 31 34 31 32 29 32 34 41 35 29 39 37 39
126 139 137 157 166 160 161 161 153 142 134 131 134 145 144 141 149 142 139 134 136 137 124 103 83 71 59 55 60 49 58 55 52 61 71 71 64 80 92 87 99 99 97 110 109 124 132 143 149 149 156 160 161 169 167 168 181 177 180 183 188 180 192 193 196 189 193 190 183 170 116 20 4 26 44 44 61 61 60 57 55 61 59 65 62 55 53 54 54 60 48 33 11 0 0 0 0 0 0 0 0 1 5 16 19 27 20 29 23 24 26 26 30 27 32 26 29 34 32 30 31 36 34 34 31 43 43 41
123 136 138 155 167 159 160 161 156 146 136 139 136 136 148 147 147 141 143 133 141 125 105 105 85 71 54 48 61 53 62 57 53 65 61 65 65 82 83 96 113 100 118 99 119 117 130 142 159 167 161 160 179 170 171 169 176 174 175 180 186 182 192 195 192 189 188 183 162 123 29 11 17 44 43 46 49 57 68 73 75 84 79 84 81 80 79 59 64 56 55 47 52 42 21 4 0 0 0 0 0 0 1 3 14 20 24 26 24 24 28 26 24 30 30 31 31 32 35 31 35 31 40 35 37 40 33 36
111 131 141 149 157 167 159 157 146 147 136 141 132 131 146 148 145 135 141 134 141 125 106 87 74 70 48 58 53 56 60 56 62 56 57 61 66 90 84 99 113 98 91 102 117 122 143 149 153 161 170 166 174 174 175 182 180 180 182 181 188 186 192 189 194 189 183 176 129 41 1 1 28 35 43 41 56 64 84 96 97 104 107 105 99 112 97 88 82 72 62 56 56 48 53 45 30 11 0 0 0 0 0 0 6 15 11 23 26 26 29 30 29 31 32 35 31 31 33 36 39 36 37 35 40 37 37 37
106 125 134 147 159 167 162 159 148 139 144 141 134 145 146 142 144 144 133 128 129 118 106 90 71 54 53 52 47 52 45 51 57 60 60 67 60 69 83 90 86 95 98 100 120 136 147 148 156 163 176 171 171 174 176 177 179 180 175 177 184 189 193 193 193 189 180 160 73 2 0 0 26 31 43 54 57 78 99 102 111 118 122 122 132 133 118 109 102 81 74 68 61 53 53 56 49 55 40 14 1 0 0 0 0 1 5 15 20 21 24 27 21 27 29 31 29 28 32 32 37 37 36 34 37 36 35 37
99 119 139 145 143 154 158 154 139 146 141 138 123 128 148 133 129 133 145 143 122 124 97 90 70 52 44 49 37 43 44 51 45 52 57 56 67 69 77 80 82 94 107 115 126 134 142 153 154 164 166 174 176 177 175 182 183 175 181 186 185 187 195 192 193 179 158 91 8 0 0 0 0 11 45 56 62 81 92 104 132 142 159 154 168 176 154 132 119 105 95 82 83 66 66 65 61 58 61 56 55 36 13 0 0 0 2 4 16 22 15 20 28 26 34 27 33 32 37 40 36 40 37 41 34 40 39 42
99 103 123 132 134 145 151 154 146 139 139 139 133 133 141 124 135 126 134 130 128 88 93 73 59 43 41 47 37 33 37 41 48 46 54 52 60 57 62 78 77 85 93 87 106 134 150 151 148 159 164 173 185 181 179 174 179 182 179 182 187 190 193 192 185 169 99 18 0 0 2 24 21 37 45 56 66 71 87 109 130 149 164 161 171 172 172 158 150 123 117 102 88 77 77 72 69 69 65 65 62 57 58 44 26 9 0 0 3 7 19 18 30 28 28 33 31 35 39 36 33 41 39 42 41 34 39 42
91 95 109 112 139 144 148 142 147 146 135 122 130 137 120 131 128 131 128 132 104 80 69 66 58 46 35 34 26 31 30 31 45 41 42 55 53 56 55 65 66 79 80 84 97 109 139 151 149 154 157 175 187 190 186 179 171 179 180 186 192 189 192 183 161 134 39 0 0 1 32 75 60 45 43 48 57 70 92 120 139 151 176 185 189 193 187 162 158 158 141 130 112 90 82 81 84 79 69 67 66 64 60 64 65 55 39 15 3 0 6 14 21 29 28 31 35 33 36 35 36 42 39 39 39 36 42 34
84 96 97 98 119 119 130 123 130 110 128 122 125 124 121 125 129 126 126 130 96 80 90 65 61 45 33 29 28 29 31 27 39 31 43 42 42 46 51 57 66 70 69 78 85 92 119 124 133 147 156 169 175 185 186 184 181 175 180 188 192 193 183 164 121 34 0 0 0 20 111 126 68 41 42 45 51 71 99 136 170 179 185 198 196 207 217 208 199 189 171 141 126 99 106 92 99 91 83 80 79 78 69 62 68 65 61 65 47 30 7 11 16 22 29 35 28 36 35 40 35 35 30 42 40 40 41 34
80 94 95 102 124 109 108 121 97 96 104 104 119 119 130 133 115 107 110 106 95 95 70 67 58 43 51 31 22 30 36 33 28 32 30 37 43 47 44 57 61 53 60 72 70 85 97 120 134 136 156 168 167 180 179 180 182 184 188 186 182 168 156 112 36 0 0 0 17 95 144 105 57 43 37 45 52 85 113 162 176 185 186 183 197 206 219 213 225 224 218 210 162 126 124 107 111 116 109 103 88 98 77 82 80 70 75 65 65 49 54 46 21 19 26 22 29 30 33 39 40 35 33 37 40 37 40 35
77 84 92 86 95 103 94 106 92 84 91 98 110 112 98 107 113 113 111 104 94 84 65 61 64 35 24 35 26 29 28 32 28 30 35 31 35 41 43 46 58 49 47 61 60 72 81 100 109 128 139 162 169 159 164 169 174 168 170 164 153 139 105 27 0 0 0 30 91 136 138 103 61 41 40 45 55 92 123 160 173 172 179 184 190 226 218 232 234 240 244 246 234 202 186 176 146 124 118 107 113 128 126 132 109 99 93 83 72 66 56 56 55 36 22 21 29 30 30 35 35 35 37 35 33 34 35 35
64 71 86 84 87 90 83 91 92 86 85 100 107 111 105 106 110 105 103 110 83 79 58 57 28 30 14 21 27 15 21 33 33 35 31 30 37 37 31 36 46 54 59 59 52 62 71 86 86 97 118 142 149 149 144 141 143 145 130 123 108 79 22 3 7 42 108 160 159 158 113 102 85 61 42 52 69 93 116 143 144 153 168 176 179 238 217 232 238 246 246 240 246 238 219 218 213 186 166 151 137 162 169 186 164 155 164 159 126 84 83 82 62 57 46 39 24 21 26 31 33 31 31 32 33 36 39 31
74 59 73 78 81 77 79 87 82 88 79 92 100 99 96 102 102 100 98 81 86 103 57 59 33 31 20 10 14 23 20 23 24 35 24 33 24 24 34 32 39 48 45 35 35 39 58 54 73 71 77 96 106 110 82 83 80 95 112 173 202 209 200 187 202 228 225 209 184 124 106 135 136 82 52 55 68 85 102 111 130 137 158 180 187 215 232 227 234 245 246 245 247 247 245 231 240 237 236 237 231 221 217 210 200 214 226 233 179 161 169 144 94 68 59 45 46 33 23 20 30 29 31 32 31 34 39 36
58 59 57 72 70 69 79 72 85 82 84 81 88 95 95 99 106 99 128 78 61 48 40 13 23 28 7 6 18 15 23 21 17 26 30 30 30 29 27 21 27 27 40 33 27 34 35 45 45 41 47 36 27 24 34 146 196 232 244 245 244 243 238 234 230 230 221 204 189 105 98 123 110 84 59 57 67 92 106 121 134 143 150 170 175 197 223 234 231 245 248 245 241 248 247 247 235 237 244 245 248 246 240 230 234 245 245 244 215 232 231 208 150 94 78 60 52 55 41 24 21 21 26 31 31 31 31 30
54 58 65 60 65 69 72 68 74 74 86 74 81 77 95 87 90 86 86 73 117 47 27 9 16 7 4 8 11 11 17 16 22 30 31 31 22 30 29 26 29 21 23 28 17 24 19 22 24 18 8 0 0 3 57 135 172 244 245 245 245 245 241 239 239 237 213 197 193 139 84 107 106 87 60 53 65 86 98 112 123 141 164 186 194 205 214 231 237 244 249 247 247 248 246 245 237 237 233 238 243 239 243 246 245 245 244 243 240 245 243 220 135 147 138 117 67 54 46 40 36 28 21 21 21 27 24 32
60 62 66 61 64 64 65 66 70 71 72 66 77 74 87 83 81 66 64 67 71 30 7 10 2 0 2 0 8 11 8 13 15 14 20 17 22 27 31 21 21 17 11 8 0 8 8 5 6 0 0 0 0 19 154 108 212 240 247 245 247 244 247 245 241 234 201 186 187 143 99 85 106 119 87 48 59 75 70 78 97 118 145 168 192 208 219 219 235 235 245 246 245 248 247 246 243 245 237 243 238 238 234 234 246 246 244 220 241 246 243 188 155 160 189 163 123 110 60 47 44 44 32 22 21 26 22 29
53 58 58 48 59 70 58 67 66 77 67 74 70 69 81 75 74 67 55 46 33 10 1 0 0 4 0 3 8 13 5 18 21 11 14 17 19 18 14 14 20 18 13 14 8 1 1 0 2 0 0 0 0 5 118 71 200 235 244 235 227 220 218 218 226 227 219 211 188 119 122 97 78 83 92 51 64 85 82 80 97 118 130 141 164 196 207 207 224 233 236 236 241 244 247 246 239 238 239 240 239 246 248 245 247 248 247 246 247 247 238 180 97 99 179 125 105 154 112 80 55 43 41 41 29 22 16 22
44 53 48 58 53 58 61 71 60 64 66 77 79 83 77 68 68 55 39 27 17 4 6 4 3 1 2 2 0 4 5 14 10 8 9 20 21 13 11 10 19 17 8 11 14 5 5 1 1 0 0 0 0 0 64 96 200 230 244 239 231 228 202 181 149 130 91 119 148 150 118 112 96 90 78 44 61 75 74 93 102 112 111 126 154 161 192 198 209 220 224 227 227 227 233 237 239 243 245 245 240 244 248 249 247 249 249 251 249 248 236 189 100 92 118 96 92 115 157 106 70 56 47 45 45 44 21 6
33 37 36 42 53 46 57 56 59 68 61 73 68 77 71 58 57 36 22 13 4 1 0 0 0 0 5 1 1 3 3 19 19 5 9 17 10 16 11 15 15 10 9 10 1 4 9 1 1 0 0 0 0 0 3 79 188 234 219 174 175 208 232 230 200 97 23 13 23 83 82 90 100 106 74 35 66 85 79 88 91 116 117 123 145 118 162 193 189 211 211 215 217 219 218 222 227 225 217 218 223 230 233 243 240 240 243 249 250 249 235 217 158 108 118 72 80 91 91 83 71 66 62 52 46 45 42 32
28 42 36 36 46 52 54 56 64 69 68 65 65 64 66 46 40 15 20 6 3 1 1 0 3 5 2 0 0 0 5 4 2 7 8 11 3 15 10 7 8 14 10 2 4 5 6 4 1 0 0 0 0 0 0 0 11 35 1 0 0 4 65 91 107 67 42 1 2 44 42 31 46 82 67 30 53 70 104 107 108 110 109 128 149 135 142 160 175 181 184 185 197 197 201 202 207 213 206 199 188 195 207 217 226 232 232 239 244 247 231 234 201 123 120 78 83 71 68 56 65 70 58 59 52 54 48 47
24 29 39 34 40 49 61 51 65 64 61 65 59 61 51 45 30 19 9 2 0 0 0 0 0 0 3 0 0 0 1 1 0 2 8 7 10 13 8 8 8 6 2 1 2 0 4 0 2 0 0 2 0 0 0 0 0 0 0 0 0 0 0 0 0 0 9 6 0 0 6 23 10 2 16 27 54 54 72 87 103 121 103 113 118 118 129 168 154 177 193 190 185 193 201 198 200 206 213 210 202 195 180 204 212 220 226 227 226 230 221 236 212 147 106 75 92 67 52 59 53 58 65 66 55 51 55 52
8 16 26 30 32 45 61 60 57 58 60 62 46 46 40 23 26 9 5 0 0 0 0 1 2 0 0 0 0 0 0 0 0 1 6 0 0 8 1 1 2 0 1 0 0 1 0 0 2 0 0 0 0 0 0 0 0 0 0 0 0 0 0 0 0 0 0 0 0 0 6 11 31 5 9 39 61 61 65 65 64 73 72 77 75 73 74 94 113 133 157 174 185 189 198 202 199 199 201 206 206 199 205 214 217 221 225 215 213 215 215 222 205 137 112 103 85 55 48 46 46 48 47 49 55 57 58 57
4 8 13 24 35 36 44 44 58 62 56 51 48 43 29 20 10 1 8 6 5 3 0 1 1 0 2 0 3 0 0 0 2 3 3 0 1 3 1 1 0 0 0 0 2 0 0 0 0 0 0 0 0 0 0 0 0 0 0 0 0 0 0 0 0 0 0 0 0 10 33 45 43 55 55 56 53 54 54 55 48 49 54 56 56 51 47 47 46 45 49 48 51 55 56 91 109 116 117 121 132 148 162 168 187 201 206 206 200 210 212 208 188 139 128 113 86 60 49 51 46 46 43 47 46 56 58 54
0 4 15 10 19 31 33 47 52 59 56 46 41 33 27 6 0 0 4 5 9 7 6 0 0 3 5 0 1 0 0 1 1 4 0 0 0 0 0 0 0 0 0 0 0 0 0 0 0 0 0 0 0 0 0 0 0 0 0 0 0 0 0 0 0 8 39 55 64 71 60 59 56 58 55 57 53 52 57 56 58 55 56 57 64 59 52 51 45 40 49 47 43 47 44 41 41 41 35 40 40 37 36 43 47 58 68 81 95 110 107 110 122 118 107 106 86 58 46 45 43 45 44 49 48 43 46 57
0 3 7 11 15 36 36 45 48 45 44 33 19 15 8 6 5 3 4 1 6 5 13 3 1 0 0 0 1 2 1 1 0 2 1 0 0 0 0 1 0 0 0 0 0 0 0 0 0 0 0 0 0 0 0 0 0 0 0 0 0 0 6 34 72 93 73 59 57 57 57 57 49 55 52 56 51 55 58 52 55 54 56 56 60 59 57 58 47 54 47 52 51 45 46 41 41 39 39 42 41 44 36 41 45 49 48 49 46 45 48 46 48 47 49 54 57 53 42 43 42 46 45 41 42 39 47 46
4 6 11 5 11 32 30 36 32 32 24 13 11 8 5 13 6 10 4 5 5 5 6 11 2 1 0 5 1 1 1 4 6 5 0 2 2 1 4 0 0 0 0 0 0 0 0 0 0 0 0 0 0 0 0 0 0 0 0 0 13 28 58 70 69 56 51 57 52 53 51 49 44 52 46 52 48 48 46 45 52 47 52 57 54 51 49 52 57 61 49 48 55 55 48 44 44 47 40 42 44 47 40 43 48 42 51 45 43 49 45 48 49 52 51 47 48 56 58 53 65 71 60 48 42 42 42 43
6 10 18 18 22 26 22 21 16 21 13 14 21 15 19 22 15 14 13 5 8 3 5 3 4 4 1 2 0 0 4 4 0 0 0 0 1 0 2 0 0 0 0 0 0 0 0 0 0 0 0 0 0 0 0 0 0 6 23 35 31 46 51 52 52 47 52 51 51 49 44 46 47 49 44 43 42 47 49 43 46 44 44 46 49 45 47 51 54 58 56 52 52 54 54 60 59 51 51 47 46 52 51 53 57 48 51 49 46 48 49 51 55 54 58 57 59 68 74 99 149 166 146 117 93 64 44 48
16 15 9 15 19 29 26 33 30 31 29 29 28 30 27 22 29 30 31 30 35 34 35 29 19 9 9 5 1 2 3 0 1 1 2 1 1 1 1 0 0 0 0 1 0 0 0 0 0 0 0 0 0 0 0 4 17 28 39 41 40 41 44 48 48 44 52 48 49 49 42 51 46 51 43 40 36 46 48 45 45 48 46 44 46 45 42 48 47 52 49 48 46 51 48 52 52 48 54 58 58 58 62 57 51 48 47 55 44 46 47 52 46 53 55 57 64 80 102 112 134 170 163 160 142 136 116 85
31 18 22 27 26 40 37 40 45 42 45 49 48 46 47 49 54 60 60 60 67 72 61 65 61 71 57 56 53 45 41 35 28 15 10 7 3 4 3 4 3 0 0 0 0 0 0 0 0 0 0 0 0 1 18 32 36 34 39 43 35 43 52 44 52 48 51 49 43 41 45 42 45 46 46 44 37 42 45 39 44 44 44 40 44 40 44 43 43 41 42 40 46 44 47 48 47 46 45 52 49 55 58 53 52 51 54 45 54 55 55 54 51 60 57 62 66 83 97 186 192 170 175 157 133 155 169 164
39 37 43 45 41 40 37 45 49 53 53 46 54 45 47 51 54 59 64 55 66 65 61 59 64 61 58 59 69 59 60 60 59 59 61 57 48 55 42 31 28 15 8 5 5 8 11 10 7 8 24 21 29 28 35 32 31 30 34 35 40 39 45 48 49 54 53 46 45 47 48 42 40 45 45 40 37 46 41 36 42 44 52 42 11 30 35 41 41 36 36 39 37 37 45 43 47 36 42 47 46 47 46 47 45 44 46 42 52 52 52 57 55 62 69 66 80 104 153 214 220 212 227 196 174 170 182 160
48 51 45 30 39 35 46 44 47 53 49 52 51 48 46 51 48 51 66 51 56 60 61 53 61 60 61 60 62 53 59 59 55 55 58 57 57 54 61 56 56 57 59 55 51 55 58 49 52 57 60 80 93 100 102 104 93 54 44 36 43 48 54 51 51 48 53 47 53 46 48 47 39 43 43 40 41 43 35 39 44 46 46 44 14 28 32 36 35 34 39 36 43 43 40 41 44 40 46 51 42 45 45 46 45 48 46 47 56 53 58 60 67 73 77 80 91 106 143 171 194 189 207 232 225 189 194 176
62 43 32 41 39 41 51 52 49 46 49 46 49 49 48 52 49 49 54 52 60 57 60 58 60 57 58 60 65 58 54 61 59 59 58 56 60 56 57 48 55 57 47 51 48 46 49 49 53 59 75 102 108 122 126 151 171 157 107 71 47 46 48 51 56 53 49 59 57 51 51 47 52 46 40 43 37 39 39 42 45 45 41 40 37 42 41 33 36 37 37 41 40 42 45 44 43 41 42 48 52 48 49 52 46 44 49 46 45 52 60 58 67 79 80 92 115 139 168 175 190 174 146 223 233 176 162 183
44 33 35 37 39 42 44 46 44 47 53 45 52 52 55 52 53 53 51 52 57 57 53 59 59 57 66 57 60 57 52 55 55 56 59 51 56 47 51 44 51 48 42 46 42 44 47 54 49 65 79 88 123 135 123 147 181 180 173 150 109 61 41 43 52 54 57 59 47 49 49 51 48 48 42 45 46 39 43 45 44 49 45 47 45 134 108 43 42 40 45 42 40 43 46 44 42 47 46 51 49 56 55 57 45 47 47 52 57 53 58 64 72 74 92 121 143 173 215 233 228 122 74 210 220 209 206 188
2 24 41 43 37 43 43 45 41 46 47 51 59 59 61 54 48 47 59 54 54 61 59 65 64 59 57 58 58 58 51 57 52 54 53 52 51 46 45 52 45 48 47 48 47 52 51 57 64 75 90 112 139 130 130 153 167 196 209 182 167 130 62 31 39 46 57 51 47 48 45 48 46 48 53 51 51 45 51 51 48 59 55 53 36 146 208 92 51 43 47 44 42 47 46 49 53 53 57 52 57 58 54 56 54 60 57 57 57 59 59 64 67 77 124 208 141 166 227 241 233 146 181 175 228 215 227 217
4 9 29 34 37 37 35 45 51 57 61 56 57 62 61 61 56 52 55 56 62 55 54 56 61 60 64 60 54 58 60 61 54 56 56 47 45 46 51 45 46 42 47 47 49 56 54 68 68 88 104 116 135 137 149 199 211 208 217 226 179 164 136 48 34 36 34 44 46 49 42 45 45 54 45 51 52 49 49 51 56 54 51 41 82 97 174 198 75 56 51 51 52 47 46 52 59 53 58 53 64 56 54 58 53 56 56 62 55 58 65 68 83 92 105 167 175 130 225 244 231 188 217 202 202 224 226 228
92 35 21 26 32 33 35 41 42 56 55 66 60 62 68 64 62 56 56 56 56 61 57 61 64 57 65 61 58 53 58 54 51 51 52 47 49 49 40 46 53 46 51 55 59 59 67 71 74 85 100 120 135 166 175 183 200 232 211 219 183 177 170 113 39 37 39 36 33 39 40 51 43 46 43 37 46 46 45 48 51 57 41 96 88 123 163 194 113 48 49 47 46 48 47 53 55 51 56 54 55 54 60 53 59 57 61 62 58 61 69 86 90 97 104 150 193 193 168 231 204 185 224 224 205 221 231 230
227 209 147 99 52 30 39 37 37 46 51 58 68 66 69 72 70 69 66 64 56 56 59 60 80 69 66 61 58 61 64 60 52 52 48 47 49 46 49 49 48 53 59 60 66 78 78 81 85 104 123 142 172 187 176 117 43 129 193 197 166 161 174 133 77 36 34 39 39 40 39 49 43 41 42 43 43 46 44 43 58 46 80 98 136 177 175 177 59 48 51 52 60 52 53 49 51 46 48 54 56 57 58 61 59 53 60 56 57 70 80 82 96 111 132 149 200 237 214 195 131 210 233 234 223 230 225 226
230 225 223 219 202 155 81 42 36 44 41 42 45 49 58 64 68 69 71 74 70 78 66 68 62 62 65 64 64 58 55 61 59 48 53 54 51 57 55 54 53 55 61 75 85 85 88 94 102 125 151 175 196 209 210 179 135 156 173 193 198 179 190 153 105 35 33 43 42 40 37 44 42 41 43 44 45 41 44 51 57 24 71 99 183 171 182 83 49 52 51 49 52 49 45 43 47 41 48 48 48 53 54 57 60 57 59 56 60 85 81 82 93 120 148 172 195 241 246 225 188 212 234 234 228 236 231 223
227 228 227 226 225 220 211 164 68 44 36 46 46 52 54 58 58 66 67 77 77 77 69 68 58 70 66 66 61 68 64 59 62 57 60 53 53 57 56 61 59 66 70 77 93 97 99 110 120 147 162 189 207 222 233 209 190 218 199 206 219 214 209 173 116 62 35 39 34 39 36 45 44 44 42 43 48 40 65 35 44 28 74 179 192 168 96 45 48 46 51 47 40 43 45 39 39 43 49 49 48 52 52 57 59 58 58 59 71 80 78 83 88 115 137 166 176 222 246 198 212 221 227 228 231 232 222 210
